100
2 2
0.50 0.50
4 2
0.00 0.00 1.00 1.00
3 2
0.50 0.75 1.00
16 8
0.92 0.98 0.96 0.92 0.07 0.99 0.00 0.04 0.07 0.03 0.99 0.09 0.95 0.06 0.91 0.10
8 4
1.00 1.00 1.00 1.00 0.00 1.00 1.00 0.00
16 2
0.00 0.01 0.02 0.02 0.02 0.01 0.00 0.02 0.01 0.02 0.01 0.01 0.01 0.00 0.00 0.00
16 8
0.02 0.00 0.18 0.02 0.05 0.00 0.24 0.02 0.16 0.00 0.02 0.07 0.25 0.02 0.09 0.00
16 14
1.00 1.00 0.99 0.99 1.00 0.98 0.98 0.98 0.99 1.00 0.99 1.00 1.00 0.99 1.00 1.00
16 8
0.79 0.99 1.00 0.98 0.52 0.76 0.98 0.98 0.58 0.61 0.99 0.66 1.00 1.00 1.00 0.77
4 2
0.02 0.00 0.00 0.00
4 4
0.01 0.98 0.99 0.01
16 6
0.53 0.48 0.45 0.61 0.68 0.72 0.43 0.73 0.65 0.62 0.68 0.56 0.49 0.42 0.60 0.67
4 2
1.00 0.00 0.00 0.00
4 4
1.00 1.00 0.00 0.00
3 2
0.40 0.50 0.60
16 10
0.50 0.49 0.51 0.51 0.49 0.51 0.50 0.49 0.50 0.51 0.51 0.50 0.49 0.50 0.51 0.49
16 10
0.12 0.21 0.39 0.52 0.61 0.21 0.47 0.19 0.56 0.63 0.58 0.44 0.12 0.15 0.54 0.20
16 10
1.00 1.00 0.99 1.00 0.99 0.98 0.98 1.00 1.00 0.99 1.00 0.98 1.00 1.00 0.98 0.99
16 10
0.37 0.42 0.47 0.69 0.40 0.46 0.42 0.63 0.61 0.52 0.33 0.53 0.66 0.34 0.56 0.64
8 6
1.00 1.00 1.00 1.00 1.00 0.00 1.00 1.00
16 10
0.67 0.60 0.64 0.70 0.61 0.69 0.68 0.65 0.02 0.62 0.10 0.07 0.66 0.10 0.65 0.61
16 8
0.49 0.50 0.50 0.50 0.50 0.50 0.50 0.49 0.50 0.50 0.49 0.50 0.50 0.50 0.49 0.50
16 2
0.66 0.01 0.05 0.09 0.67 0.00 0.01 0.70 0.10 0.05 0.04 0.04 0.02 0.67 0.07 0.02
3 2
0.50 0.50 0.50
16 8
0.01 0.12 0.14 0.03 0.81 0.33 0.56 0.06 0.86 0.09 0.10 0.89 0.08 0.07 0.65 0.10
8 4
1.00 1.00 1.00 1.00 1.00 1.00 1.00 1.00
4 2
0.98 0.99 0.01 0.01
16 12
0.68 0.69 0.66 0.66 0.70 0.68 0.67 0.09 0.62 0.60 0.10 0.06 0.10 0.67 0.65 0.63
16 8
0.68 0.03 0.05 0.68 0.06 0.00 0.09 0.04 0.07 0.09 0.01 0.01 0.05 0.64 0.65 0.00
2 2
1.00 1.00
8 2
1.00 0.00 1.00 1.00 0.00 1.00 1.00 1.00
3 2
0.02 0.04 0.01
12 10
0.24 0.21 0.15 0.88 0.42 0.76 0.52 0.55 0.17 0.84 0.89 0.84
16 14
0.00 0.01 0.01 0.01 0.01 0.02 0.02 0.00 0.00 0.01 0.00 0.02 0.01 0.01 0.00 0.00
8 6
0.00 0.00 1.00 1.00 0.00 1.00 0.00 1.00
16 6
0.38 0.46 0.69 0.26 0.48 0.26 0.51 0.41 0.55 0.37 0.40 0.33 0.47 0.48 0.27 0.39
16 14
0.49 0.49 0.51 0.51 0.51 0.50 0.50 0.51 0.49 0.51 0.49 0.49 0.51 0.49 0.51 0.50
16 8
0.94 0.08 0.92 1.00 1.00 0.01 0.97 0.95 0.02 0.01 0.08 0.94 0.06 0.05 0.93 0.04
16 8
1.00 0.68 0.97 1.00 0.99 1.00 0.70 0.91 0.75 0.99 0.95 0.99 1.00 0.59 0.98 0.72
16 8
0.68 0.68 0.66 0.65 0.01 0.08 0.67 0.65 0.66 0.61 0.07 0.65 0.70 0.00 0.63 0.70
16 4
0.07 0.06 0.64 0.02 0.08 0.07 0.06 0.03 0.68 0.68 0.08 0.05 0.68 0.00 0.01 0.06
4 2
0.00 0.00 0.00 0.00
16 14
0.68 0.70 0.67 0.69 0.62 0.02 0.70 0.62 0.62 0.70 0.62 0.08 0.04 0.65 0.08 0.65
16 12
0.06 0.62 0.10 0.04 0.02 0.07 0.06 0.06 0.70 0.00 0.02 0.07 0.03 0.70 0.09 0.69
8 4
0.00 1.00 1.00 1.00 1.00 1.00 1.00 1.00
16 2
0.98 1.00 0.99 0.99 1.00 0.99 0.98 0.98 1.00 0.98 1.00 0.98 1.00 0.98 0.99 0.98
16 14
0.40 0.56 0.44 0.51 0.40 0.43 0.60 0.53 0.37 0.36 0.58 0.70 0.31 0.37 0.46 0.67
8 6
0.00 1.00 1.00 1.00 1.00 1.00 0.00 0.00
3 2
0.80 0.10 0.50
4 2
0.00 0.00 0.02 1.00
4 2
1.00 1.00 0.00 1.00
2 2
0.45 0.05
3 2
0.00 0.00 1.00
4 2
0.98 0.00 1.00 1.00
8 6
1.00 1.00 1.00 1.00 1.00 1.00 1.00 1.00
16 6
0.53 0.46 0.48 0.45 0.49 0.53 0.45 0.53 0.52 0.47 0.48 0.49 0.48 0.51 0.51 0.50
8 2
0.00 0.00 0.00 1.00 1.00 1.00 1.00 1.00
4 4
0.50 0.50 0.50 0.50
16 6
0.37 0.30 0.63 0.48 0.67 0.48 0.67 0.30 0.69 0.55 0.54 0.70 0.61 0.57 0.46 0.63
16 8
0.40 0.02 0.19 0.02 0.15 0.29 0.42 0.01 0.01 0.01 0.00 0.46 0.01 0.49 0.02 0.21
8 6
1.00 1.00 1.00 1.00 0.00 1.00 1.00 0.00
2 2
0.50 0.00
16 8
1.00 0.02 0.85 0.01 1.00 0.02 0.81 0.00 0.85 0.00 0.67 0.02 0.73 0.00 0.71 0.01
16 10
0.05 0.02 0.67 0.07 0.69 0.10 0.65 0.10 0.05 0.62 0.10 0.05 0.04 0.07 0.00 0.08
12 2
0.73 0.88 0.01 0.98 0.13 0.94 0.72 0.23 0.71 0.34 0.50 0.37
16 8
1.00 0.01 0.90 0.00 0.95 0.06 0.05 0.00 0.06 0.94 0.06 0.98 0.93 0.08 0.99 0.95
16 14
0.13 0.03 0.60 0.86 0.35 0.55 0.59 0.76 0.82 0.31 0.08 0.47 0.06 0.92 0.81 0.68
16 4
0.65 0.04 0.05 0.69 0.61 0.63 0.00 0.67 0.68 0.64 0.01 0.63 0.60 0.68 0.68 0.63
16 2
0.90 0.13 0.47 0.06 0.92 0.15 0.10 0.43 0.31 0.15 0.27 0.30 0.61 0.10 0.91 0.70
16 8
0.61 0.05 0.07 0.42 0.06 0.07 0.16 0.89 0.07 0.05 0.63 0.54 0.31 0.07 0.81 0.02
16 6
0.07 0.00 0.64 0.03 0.66 0.10 0.62 0.06 0.03 0.03 0.03 0.02 0.68 0.09 0.02 0.09
16 6
0.49 0.49 0.50 0.50 0.51 0.49 0.49 0.49 0.50 0.51 0.49 0.50 0.49 0.51 0.49 0.51
16 8
0.50 0.50 0.50 0.50 0.49 0.50 0.49 0.49 0.50 0.51 0.50 0.50 0.50 0.49 0.50 0.50
8 4
0.00 0.00 1.00 1.00 1.00 1.00 1.00 0.00
8 2
1.00 1.00 1.00 1.00 1.00 1.00 1.00 1.00
16 8
0.02 0.00 0.97 0.02 0.01 0.01 0.57 0.94 0.96 0.71 0.00 0.63 0.85 0.01 0.64 0.00
12 2
0.69 0.10 0.24 0.86 0.55 0.30 0.35 0.49 0.57 0.53 0.98 0.13
16 2
0.57 0.39 0.62 0.33 0.45 0.65 0.33 0.50 0.61 0.35 0.61 0.48 0.55 0.67 0.30 0.43
16 8
0.99 0.99 0.98 1.00 0.16 0.98 0.42 0.14 1.00 0.98 0.30 1.00 0.35 0.07 0.37 0.01
16 8
0.04 0.96 0.09 0.29 0.46 0.06 0.91 0.06 0.09 0.77 0.09 0.08 0.03 0.08 0.01 0.05
2 2
0.00 0.00
2 2
1.00 0.00
16 6
0.68 0.80 0.18 0.19 0.37 0.19 0.54 0.45 0.38 0.45 0.57 0.28 0.26 0.11 0.68 0.04
8 4
0.00 0.00 1.00 0.00 0.00 1.00 1.00 1.00
16 6
0.72 0.61 0.56 0.49 0.62 0.42 0.49 0.60 0.68 0.43 0.53 0.65 0.73 0.68 0.67 0.45
16 8
0.29 0.18 0.17 0.27 0.33 0.37 0.47 0.98 0.05 1.00 0.99 0.98 0.98 1.00 0.98 0.99
16 10
0.01 0.02 0.00 0.01 0.00 0.00 0.00 0.01 0.00 0.01 0.00 0.01 0.02 0.01 0.01 0.02
16 6
0.48 0.38 0.69 0.41 0.55 0.26 0.26 0.27 0.46 0.51 0.33 0.39 0.49 0.40 0.37 0.47
16 2
0.49 0.49 0.50 0.51 0.50 0.50 0.50 0.50 0.50 0.51 0.49 0.50 0.49 0.50 0.51 0.51
16 6
0.98 0.98 0.99 1.00 0.99 0.99 0.98 0.99 0.99 1.00 0.99 0.98 0.99 0.98 1.00 1.00
16 6
0.01 0.70 0.06 0.65 0.68 0.68 0.63 0.65 0.04 0.63 0.66 0.70 0.06 0.68 0.66 0.67
16 6
0.49 0.45 0.46 0.48 0.45 0.53 0.51 0.48 0.50 0.53 0.47 0.48 0.54 0.52 0.51 0.49
8 2
0.00 0.00 1.00 1.00 1.00 0.00 0.00 1.00
16 10
0.39 0.59 0.19 0.33 0.19 0.30 0.38 0.99 0.68 0.17 0.80 0.03 0.47 0.91 0.08 0.11
8 2
1.00 1.00 1.00 1.00 1.00 1.00 1.00 0.00
16 14
0.64 0.02 0.09 0.67 0.08 0.60 0.05 0.66 0.00 0.09 0.10 0.01 0.07 0.10 0.05 0.04
16 6
0.02 0.01 0.01 0.02 0.01 0.00 0.02 0.00 0.00 0.01 0.02 0.02 0.01 0.01 0.01 0.01
16 2
0.61 0.68 0.66 0.61 0.66 0.64 0.06 0.70 0.06 0.62 0.69 0.65 0.06 0.68 0.64 0.10
16 10
0.47 0.63 0.55 0.15 0.56 0.21 0.39 0.20 0.19 0.58 0.12 0.44 0.52 0.21 0.12 0.61
3 2
0.30 0.50 0.80
