100
2 2
0.50 0.50
4 2
0.00 0.00 1.00 1.00
3 2
0.50 0.75 1.00
8 6
1.00 1.00 1.00 1.00 1.00 1.00 1.00 1.00
16 14
0.69 0.62 0.62 0.66 0.64 0.10 0.04 0.64 0.00 0.63 0.08 0.68 0.60 0.64 0.61 0.64
3 2
0.00 1.00 0.00
16 2
0.65 0.70 0.65 0.67 0.70 0.06 0.70 0.66 0.06 0.70 0.02 0.67 0.60 0.00 0.61 0.69
16 6
0.22 0.86 0.71 0.83 0.62 0.08 0.26 0.52 0.40 0.15 0.99 0.84 0.27 0.84 0.92 0.27
8 6
0.00 1.00 1.00 1.00 1.00 1.00 1.00 0.00
16 8
0.49 0.24 0.16 0.98 0.99 0.98 0.43 0.02 0.03 0.37 0.98 0.99 0.38 1.00 0.99 1.00
16 8
0.09 0.90 0.99 0.97 0.97 0.03 0.02 0.03 0.04 0.05 0.04 0.92 0.91 0.95 0.93 0.07
16 8
0.99 0.95 0.92 0.76 0.99 1.00 0.93 0.98 0.88 0.71 0.98 0.77 1.00 0.82 0.99 1.00
16 8
0.02 0.37 0.05 0.05 0.11 0.82 0.02 0.04 0.57 0.96 0.97 0.81 0.10 0.99 0.10 0.10
16 8
0.01 0.06 0.16 0.08 0.04 0.30 0.04 0.87 0.09 0.06 0.05 0.14 0.96 0.20 0.03 0.87
16 8
0.95 0.03 0.95 0.96 0.06 0.97 0.08 0.05 0.91 0.97 0.03 0.90 0.01 0.06 0.05 0.94
2 2
0.00 0.00
16 8
0.50 0.49 0.49 0.50 0.52 0.51 0.52 0.52 0.50 0.49 0.53 0.50 0.51 0.50 0.52 0.49
16 2
0.69 0.99 0.03 0.68 0.05 0.72 0.25 0.28 1.00 0.34 0.10 0.12 0.48 0.20 0.25 0.09
8 4
0.00 0.00 1.00 1.00 0.00 1.00 0.00 1.00
4 4
0.01 0.98 0.99 0.01
4 2
0.02 0.00 0.00 0.00
8 4
1.00 0.00 1.00 1.00 1.00 0.00 1.00 0.00
16 2
0.68 0.32 0.67 0.39 0.69 0.57 0.58 0.56 0.48 0.32 0.40 0.44 0.40 0.39 0.40 0.70
8 4
1.00 1.00 1.00 1.00 0.00 1.00 1.00 1.00
8 4
1.00 1.00 1.00 1.00 1.00 1.00 0.00 0.00
8 4
1.00 1.00 1.00 1.00 1.00 1.00 1.00 1.00
16 14
0.21 0.08 0.28 0.02 0.52 0.18 0.20 0.87 0.04 0.49 0.26 0.65 0.40 0.50 0.49 0.50
16 8
0.00 0.13 0.00 0.02 0.40 0.00 0.24 0.12 0.01 0.47 0.32 0.02 0.38 0.00 0.01 0.00
16 8
0.95 0.97 0.97 0.02 0.02 0.08 0.96 0.09 0.97 0.92 0.03 0.06 0.90 0.07 1.00 0.02
16 8
0.50 0.51 0.49 0.50 0.53 0.49 0.52 0.49 0.49 0.50 0.50 0.51 0.49 0.52 0.52 0.52
16 10
0.49 0.49 0.50 0.49 0.49 0.49 0.51 0.49 0.49 0.50 0.49 0.49 0.49 0.50 0.50 0.51
8 2
0.00 1.00 1.00 1.00 0.00 0.00 1.00 1.00
16 6
0.01 0.02 0.01 0.01 0.02 0.02 0.01 0.01 0.02 0.01 0.01 0.01 0.02 0.02 0.00 0.00
3 2
0.30 0.50 0.80
16 8
0.10 0.10 0.04 0.07 0.03 0.06 0.03 0.03 0.64 0.61 0.01 0.09 0.62 0.70 0.10 0.08
4 2
1.00 0.98 0.00 1.00
16 10
0.05 0.62 0.00 0.04 0.04 0.62 0.06 0.01 0.06 0.05 0.09 0.09 0.03 0.04 0.68 0.62
2 2
0.05 0.45
16 8
0.98 1.00 0.17 0.43 1.00 0.99 0.99 0.98 0.01 0.39 1.00 0.42 1.00 0.40 0.14 0.20
12 8
0.03 0.06 0.78 0.23 0.72 0.90 0.34 0.88 0.75 0.39 0.20 0.27
16 8
0.00 0.17 0.35 0.02 0.00 0.00 0.18 0.32 0.00 0.00 0.17 0.23 0.21 0.02 0.10 0.00
16 8
0.72 0.46 0.42 0.68 0.35 0.59 0.69 0.50 0.39 0.56 0.64 0.68 0.64 0.60 0.48 0.56
16 10
1.00 0.99 1.00 0.98 0.98 0.99 0.99 0.99 0.99 0.98 1.00 0.99 0.99 0.98 0.98 0.98
16 10
0.66 0.70 0.63 0.63 0.67 0.68 0.65 0.03 0.07 0.69 0.66 0.08 0.61 0.05 0.61 0.64
16 4
0.69 0.01 0.09 0.67 0.09 0.05 0.09 0.61 0.07 0.03 0.06 0.00 0.69 0.08 0.00 0.02
3 2
0.10 0.80 0.50
16 2
0.49 0.50 0.50 0.51 0.49 0.51 0.49 0.51 0.49 0.51 0.51 0.50 0.50 0.50 0.51 0.50
16 6
0.50 0.50 0.50 0.50 0.50 0.51 0.51 0.50 0.49 0.51 0.49 0.49 0.49 0.49 0.49 0.50
16 12
0.04 0.61 0.09 0.02 0.03 0.07 0.10 0.01 0.05 0.60 0.63 0.00 0.00 0.66 0.01 0.00
16 10
0.47 0.48 0.45 0.46 0.47 0.47 0.55 0.46 0.45 0.49 0.55 0.50 0.50 0.49 0.49 0.55
8 6
1.00 0.00 0.00 1.00 1.00 0.00 1.00 1.00
4 2
0.00 0.00 1.00 0.00
16 8
0.54 0.55 0.40 0.63 0.54 0.44 0.44 0.64 0.57 0.48 0.63 0.58 0.51 0.60 0.47 0.61
16 14
0.43 0.31 0.35 0.53 0.36 0.41 0.47 0.35 0.37 0.54 0.42 0.58 0.38 0.62 0.42 0.38
4 4
0.50 0.50 0.50 0.50
16 2
0.01 0.00 0.00 0.00 0.01 0.02 0.02 0.02 0.02 0.00 0.00 0.00 0.02 0.01 0.01 0.02
8 2
1.00 1.00 1.00 0.00 1.00 1.00 1.00 1.00
3 2
0.50 0.50 0.50
8 2
1.00 1.00 1.00 1.00 1.00 1.00 1.00 1.00
16 10
0.47 0.55 0.48 0.56 0.45 0.46 0.47 0.49 0.50 0.50 0.47 0.49 0.45 0.55 0.46 0.49
16 8
0.21 0.55 0.08 0.03 0.53 0.02 0.10 0.34 0.01 0.06 0.10 0.34 0.10 0.04 0.22 0.54
16 8
0.50 0.60 0.36 0.59 0.68 0.56 0.64 0.46 0.56 0.68 0.39 0.42 0.48 0.72 0.64 0.69
8 6
1.00 1.00 1.00 1.00 1.00 1.00 0.00 1.00
16 6
0.65 0.66 0.63 0.08 0.10 0.65 0.02 0.68 0.70 0.69 0.69 0.64 0.02 0.68 0.60 0.70
16 8
0.63 0.61 0.69 0.09 0.65 0.64 0.68 0.05 0.65 0.06 0.61 0.62 0.70 0.06 0.68 0.64
16 8
0.61 0.17 0.20 0.53 0.50 0.57 0.51 0.21 0.15 0.37 0.44 0.31 0.12 0.54 0.58 0.25
16 8
1.00 0.98 0.98 0.99 0.84 0.97 0.98 0.94 0.98 0.87 0.99 1.00 0.89 1.00 0.58 1.00
8 2
1.00 1.00 1.00 1.00 0.00 1.00 1.00 0.00
16 8
0.89 0.63 0.00 0.01 0.91 0.94 0.02 0.01 0.02 0.76 0.85 0.02 0.02 0.01 0.84 0.52
16 14
0.49 0.49 0.49 0.50 0.49 0.51 0.51 0.51 0.51 0.50 0.49 0.51 0.51 0.50 0.51 0.51
16 14
0.98 0.98 0.98 0.99 0.98 0.99 1.00 0.98 0.99 1.00 0.99 0.99 0.99 0.99 1.00 0.98
16 14
0.00 0.00 0.01 0.01 0.02 0.01 0.01 0.02 0.02 0.02 0.02 0.02 0.00 0.00 0.01 0.00
16 10
0.10 0.28 0.71 0.91 0.72 0.72 0.29 0.70 0.95 0.36 0.35 0.28 0.17 0.07 0.91 0.73
12 6
0.56 0.25 0.23 0.76 0.23 0.42 0.00 0.92 0.03 0.17 0.92 0.66
16 10
0.65 0.48 0.37 0.67 0.53 0.37 0.62 0.64 0.66 0.59 0.48 0.57 0.63 0.58 0.37 0.42
4 2
1.00 0.00 0.00 0.02
16 6
0.38 0.64 0.52 0.67 0.65 0.36 0.33 0.32 0.50 0.48 0.32 0.67 0.44 0.56 0.61 0.56
16 10
0.00 0.02 0.00 0.01 0.02 0.02 0.00 0.01 0.00 0.01 0.01 0.00 0.02 0.00 0.02 0.00
12 4
0.15 0.07 0.20 0.85 0.96 0.51 0.29 0.13 0.37 0.04 0.00 0.55
16 8
0.02 0.86 0.70 0.68 0.67 0.01 0.01 0.00 0.01 0.00 0.92 0.75 0.80 0.00 0.57 0.02
3 2
0.50 0.60 0.40
4 2
1.00 1.00 0.00 1.00
16 2
0.62 0.05 0.03 0.02 0.05 0.08 0.07 0.00 0.10 0.08 0.61 0.05 0.01 0.04 0.61 0.70
16 6
0.63 0.03 0.04 0.05 0.07 0.03 0.04 0.70 0.01 0.01 0.00 0.10 0.68 0.02 0.07 0.69
4 2
0.98 0.01 0.01 0.99
2 2
1.00 0.00
16 14
0.04 0.66 0.10 0.62 0.10 0.68 0.06 0.03 0.05 0.03 0.06 0.01 0.03 0.05 0.65 0.03
2 2
1.00 1.00
16 6
1.00 1.00 0.99 0.99 0.98 0.98 1.00 0.99 0.99 1.00 0.99 0.99 0.99 0.99 0.99 0.99
3 2
0.04 0.02 0.01
16 2
0.99 1.00 0.99 0.98 0.99 0.99 1.00 0.98 1.00 1.00 0.98 1.00 0.98 1.00 1.00 1.00
4 2
0.00 0.00 0.00 0.00
8 2
0.00 0.00 1.00 1.00 0.00 0.00 1.00 1.00
4 4
1.00 1.00 0.00 0.00
16 4
0.04 0.66 0.65 0.66 0.70 0.67 0.62 0.70 0.68 0.61 0.65 0.62 0.62 0.06 0.09 0.04
8 6
0.00 1.00 1.00 0.00 0.00 1.00 0.00 1.00
16 8
0.31 0.37 0.50 0.57 0.20 0.58 0.15 0.21 0.61 0.54 0.44 0.13 0.17 0.53 0.51 0.25
16 8
0.47 0.55 0.51 0.57 0.44 0.54 0.58 0.48 0.44 0.60 0.54 0.64 0.40 0.63 0.61 0.64
16 12
0.62 0.68 0.63 0.65 0.07 0.67 0.09 0.60 0.04 0.03 0.63 0.70 0.65 0.64 0.67 0.64
2 2
0.00 0.50
