771987018
771987018
771987018
771987018
771987018
771987018
771987018
771987018
771987018
771987018
771987018
771987018
771987018
771987018
771987018
771987018
771987018
771987018
771987018
771987018
771987018
771987018
771987018
771987018
771987018
771987018
771987018
771987018
771987018
771987018
771987018
771987018
771987018
771987018
771987018
771987018
771987018
771987018
771987018
771987018
771987018
771987018
771987018
771987018
771987018
771987018
771987018
771987018
771987018
771987018
