50
500000 100000
500000 100000
500000 100000
500000 100000
500000 100000
500000 100000
500000 100000
500000 100000
500000 100000
500000 100000
500000 100000
500000 100000
500000 100000
500000 100000
500000 100000
500000 100000
500000 100000
500000 100000
500000 100000
500000 100000
500000 100000
500000 100000
500000 100000
500000 100000
500000 100000
500000 100000
500000 100000
500000 100000
500000 100000
500000 100000
500000 100000
500000 100000
500000 100000
500000 100000
500000 100000
500000 100000
500000 100000
500000 100000
500000 100000
500000 100000
500000 100000
500000 100000
500000 100000
500000 100000
500000 100000
500000 100000
500000 100000
500000 100000
500000 100000
500000 100000
