Case #1: 3
Case #2: 1
Case #3: IMPOSSIBLE
Case #4: 1 2
Case #5: 4 3
Case #6: 229
Case #7: 300771807240919
Case #8: 22
Case #9: IMPOSSIBLE
Case #10: IMPOSSIBLE
Case #11: 282458553906
Case #12: 4 3
Case #13: IMPOSSIBLE
Case #14: IMPOSSIBLE
Case #15: 1 2 3 4 5 6 7 8 9 10 11
Case #16: 25380051 57267806 89155561 121043316 152931071 184818826 216706581 248594336 280482091 312369846
Case #17: 365171407246829 783173654015853 1201175900784877 1619178147553901 2037180394322925 2455182641091949 2873184887860973 3291187134629997 3709189381399021 4127191628168045 4545193874937069 753478
Case #18: 1
Case #19: IMPOSSIBLE
Case #20: 1 2 3 4 5 6 7 8 9 10 11 12 13 14 15 16 17 18 19 20 21 22 23
Case #21: 9876543211
Case #22: 3
Case #23: 5 15
Case #24: 22
Case #25: 800668
Case #26: 417753473089 906425307656 1395097142223 1883768976790 2372440811357 2861112645924 3349784480491 3838456315058 4327128149625 64
Case #27: 3
Case #28: 1
Case #29: IMPOSSIBLE
Case #30: 2359 5639 9
Case #31: 3
Case #32: IMPOSSIBLE
Case #33: 1 2 3
Case #34: IMPOSSIBLE
Case #35: 254 653 1052 120
Case #36: 2842883 6646463 10450043 14253623 18057203 21860783 25664363 29467943 33271523 37075103 40878683 44682263 48485843 52289423 56093003 59896583 63700163 67503743 71307323 75110903 78914483 82718063 86521643 90325223 9603
Case #37: IMPOSSIBLE
Case #38: 229
Case #39: IMPOSSIBLE
Case #40: 229
Case #41: 47636305072735 195
Case #42: 48028639 104789756
Case #43: 20101 50404 80707 111010 141313 171616 201919 232222 262525 292828 323131 353434 383737 414040 444343 474646 504949 535252 565555 595858 626161 656464 686767 717070 747373 777676 807979 838282 868585 898888 929191 959494 989797 100
Case #44: 22
Case #45: 1 2 3 4 5 6 7 8 9 10 11 12 13 14 15 16 17 18 19 20 21 22 23 24 25 26 27 28 29 30 31 32 33 34 35
Case #46: IMPOSSIBLE
Case #47: 493285676049021 1057898809060989 1622511942072957 2187125075084925 2751738208096893 3316351341108861 3880964474120829 4445577607132797 5010190740144765 5574803873156733 6139417006168701 69825826290044
Case #48: 5025952702 11076614206 17127275710 23177937214 29228598718 35279260222 41329921726 47380583230 53431244734 59481906238 249982
Case #49: 22
Case #50: IMPOSSIBLE
Case #51: 1
Case #52: IMPOSSIBLE
Case #53: 182553388822831 386170630202141 589787871581451
Case #54: 3322831 7512486 11702141 15891796 20081451 24271106
Case #55: 1
Case #56: IMPOSSIBLE
Case #57: 1 2 3 4 5 6 7 8 9 10 11 12 13 14 15 16 17 18 19 20 21 22 23 24 25 26 27 28 29 30 31 32 33 34 35 36 37 38 39 40 41 42 43 44 45 46 47 48 49 50 51 52 53 54 55 56 57 58 59 60 61 62 63 64 65 66 67 68 69 70 71 72 73 74 75 76 77 78 79 80 81 82 83 84 85 86 87 88 89 90 91 92 93 94 95 96 97 98 99 100
Case #58: 80706050403020101 171615141312111010 262524232221201919 353433323130292828 444342414039383737 535251504948474646 626160595857565555 717069686766656464 807978777675747373 898887868584838282 989796959493929191 100
Case #59: 1083887 2535983 3988079 5440175 6892271 8344367 9796463 11248559 12700655 14152751 15604847 17056943 18509039 19961135 21413231 22865327 24317423 357838
Case #60: IMPOSSIBLE
Case #61: IMPOSSIBLE
Case #62: 22
Case #63: 37 4
Case #64: 12592235615 534642
Case #65: IMPOSSIBLE
Case #66: IMPOSSIBLE
Case #67: 88 264 440 616 792 968 1144 1320 1496 1672 1848 2024 2200 2376 2552 2728 2904 3080 3256 3432 3608 3784 3960 4136 4312 4488 4664 4840 5016 5192 5368 5544 5720 5896 6072 6248 6424 6600 6776 6952 7128 7304 7480 87
Case #68: 1
Case #69: 4499499475 9685363275 323
Case #70: IMPOSSIBLE
Case #71: IMPOSSIBLE
Case #72: 2128899727669 4617613493816 7106327259963 9595041026110 12083754792257 14572468558404 17061182324551 19549896090698 22038609856845 24527323622992 27016037389139 29504751155286
Case #73: 3
Case #74: 43211 98766
Case #75: 3
Case #76: IMPOSSIBLE
Case #77: 1 2 3 4
Case #78: IMPOSSIBLE
Case #79: 1
Case #80: IMPOSSIBLE
Case #81: IMPOSSIBLE
Case #82: IMPOSSIBLE
Case #83: IMPOSSIBLE
Case #84: 274961 624486 974011 16
Case #85: IMPOSSIBLE
Case #86: 3020101 7060505 11100909 15141313 19181717 23222121 27262525 31302929 35343333 39383737 43424141 47464545 51504949 55545353 59585757 63626161 67666565 71706969 75747373 79787777 83828181 87868585 91908989 95949393 99989797
Case #87: 34 102 170 238 306 374 442 510 578 646 714 782 850 918 986 1054 33
Case #88: 28313290959742986 59549783051022857 90786275142302728 1224
Case #89: 101 303 505 707 909 1111 1313 1515 1717 1919 2121 2323 2525 2727 2929 3131 3333 3535 3737 3939 4141 4343 4545 4747 4949 5151 5353 5555 5757 5959 6161 6363 6565 6767 6969 7171 7373 7575 7777 7979 8181 8383 8585 8787 8989 9191 9393 9595 9797 9999
Case #90: 2931
Case #91: IMPOSSIBLE
Case #92: IMPOSSIBLE
Case #93: 1
Case #94: IMPOSSIBLE
Case #95: 1295589937 2856941911 4418293885 5979645859 7540997833 9102349807 10663701781 12225053755
Case #96: IMPOSSIBLE
Case #97: 300771807240919
Case #98: 134777261 303812286 472847311 641882336 810917361 979952386 1148987411 1318022436 1487057461 1656092486 1825127511 1994162536 2163197561 2332232586 2501267611 76
Case #99: 148390053388881 318285911616729 488181769844577 658077628072425 827973486300273 997869344528121 1167765202755969 1337661060983817 1507556919211665 1677452777439513
Case #100: IMPOSSIBLE
