100
2 3 2
1 1 1
2 1 1
2 1 2
3 2 3
4 5 2
13 13 12
3 3 2
66 2 23
80 8 9
11 17 1
3 2 2
4 2 1
35 11 3
11 1 11
50 5 40
91 8 25
1 3 1
11 1 10
23 1 23
10 18 1
2 59 1
4 2 2
3 3 1
7 12 1
64 7 21
2 55 1
1 80 1
32 2 15
9 4 4
2 3 1
100 1 1
3 1 3
71 9 5
11 3 10
98 4 53
4 1 3
4 29 1
3 2 1
4 4 1
14 12 14
14 7 2
100 3 34
3 31 1
35 1 35
71 1 5
95 8 60
63 6 19
3 4 1
95 3 1
1 83 1
100 2 49
30 10 24
30 5 26
1 100 1
18 2 6
100 1 100
100 9 12
71 4 34
100 1 99
35 1 34
3 37 1
4 3 2
14 9 7
7 2 3
78 2 7
87 2 74
1 2 1
18 8 13
14 7 1
100 3 33
84 7 29
2 4 1
10 5 2
2 2 1
100 4 24
4 1 4
10 5 1
1 9 1
4 3 1
19 2 3
86 5 6
91 9 7
16 5 10
22 2 5
100 4 25
33 2 17
35 11 4
100 2 50
5 17 2
100 7 4
45 10 1
1 4 1
3 1 2
48 6 16
100 9 11
13 14 8
76 5 24
80 8 10
14 9 1
