100
2 3 2
1 1 1
2 1 2
3 2 3
4 4 4
35 9 35
89 1 89
11 12 11
30 11 30
97 9 97
1 3 1
1 34 1
18 2 18
100 9 100
10 18 10
19 7 19
79 2 79
1 2 1
1 72 1
14 10 14
48 2 48
94 5 94
43 1 43
34 7 34
63 8 63
20 13 20
4 2 4
4 3 4
77 2 77
30 4 30
29 8 29
2 20 2
2 2 2
7 13 7
3 37 3
31 6 31
37 11 37
100 2 100
32 1 32
23 5 23
35 7 35
90 1 90
72 3 72
31 7 31
95 3 95
74 6 74
74 9 74
14 7 14
89 9 89
1 10 1
2 48 2
26 5 26
3 3 3
11 16 11
100 1 100
15 14 15
17 5 17
93 1 93
20 1 20
12 3 12
7 19 7
10 5 10
50 10 50
85 4 85
1 4 1
99 5 99
3 1 3
1 100 1
85 7 85
100 4 100
80 8 80
1 85 1
59 5 59
33 6 33
3 4 3
45 10 45
76 7 76
4 29 4
46 10 46
1 56 1
4 7 4
78 7 78
55 9 55
16 11 16
6 13 6
14 9 14
6 14 6
2 4 2
54 4 54
100 3 100
4 1 4
28 1 28
45 1 45
1 68 1
11 2 11
2 59 2
9 3 9
46 2 46
2 57 2
8 15 8
