Case #1: 3
Case #2: 1
Case #3: 1 2
Case #4: 4 3
Case #5: 229
Case #6: 18476676539861 39339639717710 60202602895559 2249927401533
Case #7: 1 2 3 4 5 6 7 8 9 10 11 12 13 14 15 16 17 18 19 20 21 22 23 24 25 26 27 28 29 30 31 32 33 34 35 36 37 38 39 40 41 42 43 44 45 46 47 48 49 50 51 52 53 54 55 56 57 58 59 60 61 62 63 64 65 66 67 68 69 70 71 72 73 74 75 76 77 78 79 80 81 82 83 84 85 86 87 88 89
Case #8: 282458553906
Case #9: 6087453388822831 12806822354340072 655319857313
Case #10: 63270097871967397 134541759620832886 205813421369698375 277085083118563864 348356744867429353 419628406616294842 490900068365160331 562171730114025820 633443391862891309 704715053611756798 80789517303148
Case #11: 1
Case #12: 1
Case #13: 19 57 95 133 171 209 247 285 323
Case #14: 80706050403020101 171615141312111010 262524232221201919 353433323130292828 444342414039383737 535251504948474646 626160595857565555 717069686766656464 807978777675747373 898887868584838282 989796959493929191 100
Case #15: 9876543211
Case #16: 295198384 642815171 2468457
Case #17: 80 240 400 560 720 880 1040 1200 1360 1520 1680 1840 2000 2160 2320 2480 2640 2800 2960 3120 3280 3440 3600 3760 3920 4080 4240 4400 4560 4720 4880 5040 5200 5360 5520 5680 5840 6000 6160 79
Case #18: 1
Case #19: 1
Case #20: 198541656671 38189
Case #21: 49 147 245 343 441 539 637 735 833 931 1029 1127 1225 1323 1421 1519 1617 1715 1813 1911 2009 2107 2205 2303
Case #22: 314809103 709381158 1103953213 1498525268 1893097323 2287669378 2682241433 3076813488 3471385543 3865957598 4260529653 4655101708 5049673763 5444245818 5838817873 6233389928 6627961983 7022534038 78065869
Case #23: 1 2 3 4 5 6 7 8 9 10 11 12 13 14 15 16 17 18 19 20 21 22 23 24 25 26 27 28 29 30 31 32 33 34 35 36 37 38 39 40 41 42 43
Case #24: 9501469219 20642785916 31784102613 42925419310 1543385863
Case #25: 27953031440125 59973132119805 91993232799485 124013333479165 156033434158845 188053534838525 220073635518205 3937955930364
Case #26: 51512022160664821 1276454294
Case #27: 5 15
Case #28: 37 4
Case #29: 78 234 390 546 702 858 1014 1170 1326 1482 1638 1794 1950 2106 2262 2418 2574 2730 2886 3042 3198 3354 3510 3666 3822 3978 4134 4290 4446 4602 4758 4914 5070 5226 5382 5538 5694 5850 77
Case #30: 82831 194555 306279 418003 529727 641451 753175 899
Case #31: 124423533837 267351080397 410278626957 20484987
Case #32: 3
Case #33: 3
Case #34: 800668
Case #35: 22
Case #36: 146931166 324431902 501932638 679433374 856934110 31
Case #37: 49284279489835100 103647997255781337 158011715021727574 1872715
Case #38: 101 303 505 707 909 1111 1313 1515 1717 1919 2121 2323 2525 2727 2929 3131 3333 3535 3737 3939 4141 4343 4545 4747 4949 5151 5353 5555 5757 5959 6161 6363 6565 6767 6969 7171 7373 7575 7777 7979 8181 8383 8585 8787 8989 9191 9393 9595 9797 9999
Case #39: 1 2 3 4 5 6 7 8 9 10 11 12 13 14 15 16 17 18 19 20 21 22 23 24 25 26 27 28 29 30 31 32
Case #40: 1156947 2619752 4082557 5545362 12142
Case #41: 11298336736 24544662563 37790988390 51037314217 64283640044
Case #42: 1 2 3 4 5 6 7 8 9 10 11 12 13 14 15 16 17 18 19 20 21 22 23 24 25 26 27 28 29 30 31 32 33 34 35 36 37 38 39 40 41 42 43 44 45 46 47 48 49 50 51 52 53 54 55 56 57 58 59 60 61 62 63 64 65 66 67 68 69 70 71 72 73 74 75 76 77 78 79 80 81 82 83 84 85 86 87 88 89 90
Case #43: 10441 26212 41983 57754 73525 89296 105067 120838 136609 152380 168151 183922 199693 215464 231235 247006 262777 278548 294319 310090 325861 341632 357403 373174
Case #44: 5471953252 11891563211 18311173170 24730783129 29758
Case #45: 18146 45509 72872 100235 127598 154961 182324 209687 237050 264413 291776 319139 346502 373865 401228 428591 455954 483317 510680 538043 565406 592769 620132 647495 674858 702221 729584 756947 784310 811673 839036 9024
Case #46: 11216206123 24712629973 38209053823 51705477673 65201901523 78698325373 92194749223 105691173073 119187596923 132684020773 146180444623 159676868473 5475
Case #47: 7279613338688555 15483225626027114 23686837913365673 31890450200704232 40094062488042791 48297674775381350 56501287062719909 64704899350058468 5475
Case #48: 48028639 104789756
Case #49: 31805339851028165 67637244775657334 103469149700286503 139301054624915672 175132959549544841 210964864474174010 246796769398803179 282628674323432348 318460579248061517 3936080465205477
Case #50: 1
Case #51: 3
Case #52: 1882011 4258286 6634561 9010836 11387111 26
Case #53: 22
Case #54: 282458553906
Case #55: 1 2 3 4 5 6 7 8 9 10 11 12 13 14 15 16 17 18 19 20 21 22 23 24 25 26 27 28 29 30 31 32 33 34 35 36 37 38 39 40 41 42 43 44 45 46 47 48 49 50 51 52 53 54 55 56 57 58 59 60 61 62 63 64 65 66 67 68 69 70 71 72 73 74 75 76 77 78 79 80 81 82 83 84 85 86 87 88 89 90 91 92 93 94 95 96 97 98 99 100
Case #56: 26958773523447466 15
Case #57: 349419 793124 1236829 288
Case #58: 1 2 3 4 5 6 7 8 9 10 11 12 13 14 15 16 17 18 19 20 21 22 23 24 25 26 27 28 29 30 31 32 33 34 35 36 37 38 39 40 41 42 43 44 45 46 47 48 49 50 51 52 53 54 55 56 57 58 59 60 61 62 63 64 65 66 67 68 69 70 71 72 73 74 75 76 77 78 79 80 81 82 83 84 85 86 87 88 89 90 91 92 93
Case #59: 1 2 3 4 5 6 7 8 9 10 11 12 13 14 15 16 17 18 19 20
Case #60: 301 772 1243 1714
Case #61: 800668
Case #62: 43211 98766
Case #63: 17896189087880051 37826036026655561 57755882965431071 77685729904206581 97615576842982091
Case #64: 1856911 4342655 6828399 9314143 11799887 14285631 16771375 19257119 21742863 24228607 26714351 29200095 31685839 34171583 36657327 39143071 41628815 44114559 46600303 49086047 51571791 85
Case #65: 1
Case #66: 387169003 872368008 1357567013 1842766018 2327965023 2813164028 3298363033 3783562038 4268761043 4753960048 5239159053 5724358058 6209557063 6694756068 7179955073 7665154078 8150353083 8635552088 9120751093 96049599
Case #67: 1 2 3
Case #68: 1
Case #69: 2285293018786 4956768754463 7628244490140 10299720225817 12971195961494 15642671697171 18314147432848 20985623168525 23657098904202 26328574639879 29000050375556 31671526111233 85
Case #70: 3020101 7060505 11100909 15141313 19181717 23222121 27262525 31302929 35343333 39383737 43424141 47464545 51504949 55545353 59585757 63626161 67666565 71706969 75747373 79787777 83828181 87868585 91908989 95949393 99989797
Case #71: 148390053388881 318285911616729 488181769844577 658077628072425 827973486300273 997869344528121 1167765202755969 1337661060983817 1507556919211665 1677452777439513
Case #72: 1
Case #73: 49092603 110724008 172355413 233986818 295618223 357249628 418881033 480512438 542143843 603775248 665406653 12113759
Case #74: 200530672 442680916 684831160 926981404 1169131648 35902
Case #75: 22
Case #76: 6947313234414346 14686092533508806 22424871832603266 30163651131697726 184432811
Case #77: 1169011975597 2535896802296 3902781628995 5269666455694 6636551282393 8003436109092 9370320935791 10737205762490 12104090589189 13470975415888 192665670811
Case #78: 229
Case #79: 8463200979279871 17890033753230221 27316866527180571 36743699301130921 9469618231
Case #80: 1
Case #81: 229
Case #82: 1365782972191 2962652868092 4559522763993 6156392659894 7753262555795 9350132451696 10947002347597 12543872243498 14140742139399 15737612035300 17334481931201 78
Case #83: 680697187138981 1448258284469710 2215819381800439 2983380479131168 3750941576461897 4518502673792626 55
Case #84: 11649936536081 1043916
Case #85: 44791
Case #86: 12592235615 534642
Case #87: 44791
Case #88: 3
Case #89: 478279 1120019 1761759 2403499 3045239 3686979 4328719 4970459 5612199 6253939 6895679 7537419 8179159 2915
Case #90: 20101 50404 80707 111010 141313 171616 201919 232222 262525 292828 323131 353434 383737 414040 444343 474646 504949 535252 565555 595858 626161 656464 686767 717070 747373 777676 807979 838282 868585 898888 929191 959494 989797 100
Case #91: 1 2 3 4
Case #92: 1 2 3 4 5 6 7 8 9 10 11 12 13 14 15 16 17 18 19 20 21 22 23 24 25 26 27 28
Case #93: 1 2 3 4 5 6 7 8 9 10 11 12 13 14 15 16 17 18 19 20 21 22 23 24 25 26 27 28 29 30 31 32 33 34 35 36 37 38 39 40 41 42 43 44 45
Case #94: 1
Case #95: 12 36 60 84 108 11
Case #96: 3
Case #97: 172 445 718
Case #98: 47 141 235 329 423 517 611 705 799 893 987 1081 1175 1269 1363 1457 1551 1645 1739 1833 1927 2021 2115
Case #99: 3
Case #100: 16434825
