50
16 2
0 0
0 1
0 2
1 0
1 1
1 2
2 0
2 1
2 2
2 3
3 3
4 3
3 2
4 2
3 1
4 1
18 2662885
10761913 54603564
58270276 34899706
30447818 6708026
54583964 15135223
16209712 15338642
26458699 36232766
1285395 58402934
5547642 43864784
37205920 39829824
22733015 8004192
39834393 53267719
58403578 58459155
47357703 28917994
8672233 46875606
2366858 31191036
30086327 20491099
54822865 53925836
15073863 39578289
50 4
9 6
12 8
6 0
0 3
12 11
9 8
0 5
2 3
2 5
2 2
7 1
12 9
0 9
6 1
0 2
10 12
0 1
12 7
12 3
12 1
0 0
11 0
12 10
12 4
12 5
1 1
3 1
4 4
9 4
0 10
3 5
11 11
1 9
11 1
3 4
10 5
10 7
8 9
8 1
7 7
7 6
5 2
5 3
6 9
9 0
12 12
0 6
7 0
1 11
4 10
18 48753137
76651087 462492962
65583893 152221717
33880806 233604807
20235252 216809871
272020312 39507504
31188295 76277279
422114686 392176032
285986241 289038194
483852610 323240868
485085139 400188802
463258051 194618122
408810140 39978780
351147437 343462039
178443674 9159096
170028640 127912159
213640093 138665055
276631008 311420008
12364072 331402907
50 8
11 8
9 15
14 17
2 9
1 7
15 13
16 10
9 12
11 7
7 13
17 10
1 16
7 11
8 7
16 17
15 16
10 7
16 1
10 0
13 17
12 17
3 4
14 15
2 11
6 5
12 4
3 13
1 8
0 8
14 8
2 2
16 6
13 6
3 11
8 0
2 5
4 6
4 9
17 11
5 5
9 2
7 0
17 0
8 8
8 2
0 1
1 6
2 14
4 11
15 1
50 20
8 9
5 0
11 0
9 2
4 9
7 7
9 8
10 7
4 6
9 6
5 10
9 3
3 1
4 11
3 6
6 4
8 0
6 1
7 9
7 3
2 8
6 9
7 8
6 7
3 2
6 10
3 7
0 2
8 2
6 11
10 1
6 5
11 9
0 3
3 3
5 9
11 5
1 8
11 6
7 2
7 0
1 1
5 6
8 6
11 11
4 1
5 2
8 1
0 9
4 4
4 6606879
5445586 18730251
48324696 30867902
40405780 39597402
50423605 84193003
3 103113195
51412422 207146523
343249683 281225200
414349919 372044018
6 33814369
76739874 87993082
130648864 272399393
233059956 45921489
117521606 40223941
202189084 99483261
62825686 217965745
25 22732507
60577390 4437494
6230423 31330397
51887708 31933995
1825734 26141505
60486128 35249030
43955744 64555321
79082221 12448013
63583240 70873299
32742397 23757754
61237690 62173739
31170681 56348192
44344512 20485848
62709329 28449876
15709283 52233139
15738778 32305843
12136267 7567217
911724 26973594
57211718 66261140
18975257 24607680
77847562 77426846
16161744 18219568
30677162 69812641
79163490 465377
5316132 4993634
41529121 41099507
14 2
0 1
0 2
0 3
1 0
1 1
1 2
1 3
2 0
2 1
2 2
2 3
3 0
3 1
3 2
18 1
0 0
0 1
0 2
0 3
0 4
0 5
1 0
1 1
1 2
1 3
1 4
1 5
2 0
2 1
2 2
2 3
2 4
2 5
50 5
3 15
10 16
9 4
6 15
4 8
5 11
0 1
16 10
17 13
15 10
3 1
11 11
13 18
13 11
13 17
8 8
7 15
6 6
2 4
15 3
12 10
18 11
17 6
8 18
17 3
5 4
11 2
6 1
2 9
9 10
3 8
2 1
2 3
7 9
12 2
13 0
8 11
3 4
18 9
16 7
11 18
17 2
8 12
16 12
4 4
0 2
7 13
15 5
0 11
14 1
2 1
100 100
200 200
22 12831146
55470245 9220616
48539025 76324648
52157672 42587837
7967047 2278982
8587601 27351620
53252894 21691206
37065870 52857632
4064038 53388249
75452122 51130683
5786342 41316092
30489118 83095143
74617234 47597071
43776239 53361689
24567476 59777734
31800666 63782875
41902752 29336853
23327228 17952056
27563990 52830840
40566403 36072460
24175030 77005525
20902550 19145698
48532158 60465340
12 175438973
331667261 30716040
290001444 151625689
192914390 434315821
201430937 341794397
307557273 134665035
97282967 61796182
110383874 433041390
164480786 46907184
408579673 191129908
39645414 164547015
126300586 141469469
368314641 265167965
50 8
2 3
11 15
0 5
0 0
15 5
2 7
11 5
11 11
7 2
2 11
6 11
10 9
6 14
3 16
5 13
16 9
8 0
10 2
15 9
5 4
1 2
7 4
3 13
4 12
3 9
11 1
15 8
1 0
3 10
7 0
1 13
16 16
16 4
15 13
4 7
3 4
14 15
13 13
16 8
9 6
14 10
7 3
9 13
3 6
12 13
12 14
6 9
15 10
0 1
1 9
24 3344937
21289585 26274613
7062274 26646895
48560245 1025877
40975875 11119135
17322804 12187835
26593000 3997900
26371100 38810501
40675593 29236984
42637554 9661348
25533491 41352394
34183254 8478090
8065291 29405575
41097022 47673667
9865294 39088031
13176181 18975489
36334608 333255
70567 46697156
46468509 47108149
45543068 38600997
18836736 35675383
45667202 6881856
157090 16837617
32280162 48816700
48575113 12709361
15 11559273
49987969 29470600
64063113 4336518
71085122 61848358
2159932 22559981
7103992 26818375
3002492 65670172
47620387 6649084
35614398 33393489
40932194 5359823
4707307 14752536
21199699 41630364
43099569 41468543
48743070 67168299
51433385 7946389
358816 72256110
10 125659119
58204965 87851322
392103638 342024150
66883632 189205029
336981208 164874137
114042761 374133212
261689444 334316162
152045384 323231030
70914041 382550922
245549335 240651307
123742384 41970423
16 87735146
115648822 141084807
132107647 31127484
132246344 148316004
222314863 101163223
123736504 263791403
288693760 259476839
347815057 282490815
193036887 113284244
226012175 360872827
90756678 386767050
360609787 183424007
121634869 366726037
239082344 35511373
332462895 156714406
75002632 54501190
410547591 311105075
50 17
5 5
6 9
6 5
3 9
2 0
6 8
7 5
10 1
4 3
2 5
3 5
8 10
1 2
10 3
8 8
9 9
10 0
7 4
3 0
0 0
10 5
4 4
7 2
4 6
2 2
7 1
3 2
9 1
2 1
0 5
5 1
4 1
2 3
8 1
9 8
6 7
8 0
1 9
6 0
8 3
3 3
5 3
9 0
2 4
9 2
10 4
7 7
9 4
1 8
1 6
14 1
0 1
0 2
0 3
1 0
1 1
1 2
1 3
2 0
2 1
2 2
2 3
3 0
3 1
3 2
18 1
0 0
0 1
0 2
3 3
3 4
3 5
1 0
1 1
1 2
4 3
4 4
4 5
2 0
2 1
2 2
5 3
5 4
5 5
9 9109890
146406236 342122192
17099715 287070459
345023311 376855393
202550948 388340086
149858946 198924886
34790302 140160721
185688842 67676082
131013723 92824218
244634192 337834843
13 9509776
11096878 63489342
49060702 55508332
23618998 52252892
3891449 63928292
47467711 13872270
6058434 33984093
1663745 51854366
49756843 34828937
9046444 59272788
54810047 17878647
30774384 18220628
27014896 61833398
21402968 45600085
27 12497605
92724350 255956144
332893675 341557412
234242200 91139979
51221032 228895968
359503849 246776388
210404579 127169406
196737071 359978974
116175952 166027767
14609488 215337442
219943757 245084886
270223676 319961307
342247488 181243327
319619943 229442064
12312185 232950369
335709479 212875580
78065888 248221792
301760019 107623081
240512926 53786284
125377981 189522113
310183983 218116909
294124894 89853551
295434086 151352112
242983510 91396153
52343371 165672657
152167790 127804527
81822600 241061796
143791205 26301399
18 5301291
68833669 71099603
127885459 6791707
73445525 77706761
93689179 104353701
45061155 43900802
19398995 47826793
199671401 157192307
9273597 172379989
140234949 92458592
23714875 78886427
134925222 193877002
8897508 35195183
166606811 103629730
53363172 45560132
26160263 33138427
11891762 115728730
186559137 84749913
196981069 145210978
50 19
8 3
5 8
7 12
7 2
6 4
13 7
10 13
9 4
3 10
3 1
9 0
3 13
0 13
9 1
9 13
12 4
13 4
4 4
4 6
1 5
7 4
13 2
0 7
4 2
3 11
10 8
2 7
5 9
4 5
1 2
3 8
0 8
10 4
6 7
2 8
10 1
9 6
6 10
4 8
6 8
7 6
4 1
8 8
1 10
3 6
1 6
8 10
13 6
8 13
9 10
7 3
1 5
2 3
2 1
5 1
6 3
4 4
4 5
18 2
0 0
0 1
0 2
3 3
3 4
3 5
1 0
1 1
1 2
4 3
4 4
4 5
2 0
2 1
2 2
5 3
5 4
5 5
18 2
0 0
0 1
0 2
0 3
0 4
0 5
1 0
1 1
1 2
1 3
1 4
1 5
2 0
2 1
2 2
2 3
2 4
2 5
28 7010298
20259010 845744
28887952 28986004
1638618 27969512
43477242 54794457
17324934 54103948
46135454 48357062
18166050 54103977
22425308 15872568
1554006 8463319
9075641 43835253
23879253 45583195
19155511 52813269
28573311 36008541
31329856 33816781
28299879 40743296
14062012 26414169
29273006 6968099
11274178 30489222
46660174 3307444
22164714 20591065
52308531 38543916
10298817 12145951
37801155 17437866
52073622 3637010
4880511 11939440
7275249 46476581
44435393 4963060
20003619 21673261
16 1
0 0
0 1
0 2
1 0
1 1
1 2
2 0
2 1
2 2
2 3
3 3
4 3
3 2
4 2
3 1
4 1
4 2
0 0
0 2
10 0
10 2
12 54974770
117042883 55689292
36449738 9843579
129611543 77923717
215848402 62629934
28697571 184558380
55850797 216558295
77513877 44890532
82443925 93250831
79297060 29513767
38254312 57796793
132622538 162235788
88373028 131551959
24 28480576
9553487 164156966
263764812 255806147
230041409 133744685
218875669 21293737
127738215 24674720
222110606 178270924
53597673 158346004
245446669 13060462
9418727 177145744
124443108 179464930
70355028 106938226
169315015 227330670
57208588 192690117
80713541 217025567
19373879 86875784
107318097 12535567
111501351 36920069
19666639 33743163
243323146 252055770
272613992 233293153
28131521 209983461
61835212 167368700
83874990 145617505
217767838 251435296
11 115143428
316236982 353504342
131022856 61855877
369455724 122111188
278454632 319744144
342292040 191136887
233139168 259391507
188462861 81994767
47450462 110510281
215512614 218409316
261822113 303242459
133937059 345457832
30 101658250
78204153 151145805
307583176 253860243
202494148 93370556
202900829 18203616
10590642 339982731
161443220 258464573
319542959 143129828
167586797 122429632
153571160 236079463
129506484 211434757
283478455 47507706
92776400 257661404
380175052 13739744
259005909 29907352
361382687 289627727
345225584 65593445
42944939 190703794
294401071 49448336
362674884 87668442
100770325 18480057
225656016 289227977
137617047 188994231
67901974 300957726
339988415 178434312
132831662 163277592
342212979 194967283
229274008 78241352
194211537 397845821
192616425 228442839
263429041 385988996
7 3
8 5
3 6
9 2
4 5
3 2
1 8
2 8
7 6
8 5
3 6
9 2
4 5
3 2
1 8
2 8
23 5358370
25783697 4468986
68940686 22443596
49449993 58321103
9359185 44343306
18817395 69254687
22353944 16709095
20103609 1996648
45021801 67382437
14626103 69205710
33721422 24434170
12842568 2323165
20633026 43364027
16264900 29030104
66607439 37005294
4348646 2779950
17396385 60297
49431401 29805964
30839973 52950994
22011579 18240012
4545502 57843557
2754784 49405323
20655300 26052180
54227686 6744472
1 1
100 100
3 1
100 100
200 200
300 300
50 6
0 0
11 7
0 11
9 14
2 2
3 3
0 13
6 4
11 8
2 10
11 13
0 8
8 3
9 2
14 8
1 9
14 14
2 9
3 7
2 5
0 4
13 10
9 5
10 5
0 12
3 5
10 14
3 14
10 6
13 7
4 1
2 3
1 13
3 2
12 4
11 6
11 14
9 8
14 12
4 13
4 8
3 8
0 9
1 1
5 3
12 9
6 12
12 11
12 13
8 13
4 1
0 0
0 2
10 0
10 2
2 67736677
147975425 233825303
170302737 17211088
4 16418107
97072176 57289350
148287917 40727219
8856826 51543479
54036727 62360623
50 4
11 6
2 4
14 3
12 11
12 0
15 10
6 6
8 7
15 15
14 8
3 7
9 10
11 9
5 11
3 4
8 2
4 15
8 3
14 0
13 8
8 12
6 2
13 3
11 3
13 7
7 8
7 1
5 10
8 0
12 1
8 10
7 15
8 8
0 3
0 11
1 13
1 10
10 2
6 8
7 11
11 15
13 14
0 8
2 13
11 4
2 5
5 5
3 11
1 9
2 10
7 47181579
210244121 116087520
170368931 200603904
251841970 123925273
19035462 228359103
21985324 68714259
107081716 119997842
219561976 193881654
