Case #1: 
1100000000000011 3 4 5 6 7 8 9 10 11
1111000000000011 3 4 5 6 7 8 9 10 11
1100110000000011 3 4 5 6 7 8 9 10 11
1111110000000011 3 4 5 6 7 8 9 10 11
1100001100000011 3 4 5 6 7 8 9 10 11
1111001100000011 3 4 5 6 7 8 9 10 11
1100111100000011 3 4 5 6 7 8 9 10 11
1111111100000011 3 4 5 6 7 8 9 10 11
1100000011000011 3 4 5 6 7 8 9 10 11
1111000011000011 3 4 5 6 7 8 9 10 11
1100110011000011 3 4 5 6 7 8 9 10 11
1111110011000011 3 4 5 6 7 8 9 10 11
1100001111000011 3 4 5 6 7 8 9 10 11
1111001111000011 3 4 5 6 7 8 9 10 11
1100111111000011 3 4 5 6 7 8 9 10 11
1111111111000011 3 4 5 6 7 8 9 10 11
1100000000110011 3 4 5 6 7 8 9 10 11
1111000000110011 3 4 5 6 7 8 9 10 11
1100110000110011 3 4 5 6 7 8 9 10 11
1111110000110011 3 4 5 6 7 8 9 10 11
1100001100110011 3 4 5 6 7 8 9 10 11
1111001100110011 3 4 5 6 7 8 9 10 11
1100111100110011 3 4 5 6 7 8 9 10 11
1111111100110011 3 4 5 6 7 8 9 10 11
1100000011110011 3 4 5 6 7 8 9 10 11
1111000011110011 3 4 5 6 7 8 9 10 11
1100110011110011 3 4 5 6 7 8 9 10 11
1111110011110011 3 4 5 6 7 8 9 10 11
1100001111110011 3 4 5 6 7 8 9 10 11
1111001111110011 3 4 5 6 7 8 9 10 11
1100111111110011 3 4 5 6 7 8 9 10 11
1111111111110011 3 4 5 6 7 8 9 10 11
1100000000001111 3 4 5 6 7 8 9 10 11
1111000000001111 3 4 5 6 7 8 9 10 11
1100110000001111 3 4 5 6 7 8 9 10 11
1111110000001111 3 4 5 6 7 8 9 10 11
1100001100001111 3 4 5 6 7 8 9 10 11
1111001100001111 3 4 5 6 7 8 9 10 11
1100111100001111 3 4 5 6 7 8 9 10 11
1111111100001111 3 4 5 6 7 8 9 10 11
1100000011001111 3 4 5 6 7 8 9 10 11
1111000011001111 3 4 5 6 7 8 9 10 11
1100110011001111 3 4 5 6 7 8 9 10 11
1111110011001111 3 4 5 6 7 8 9 10 11
1100001111001111 3 4 5 6 7 8 9 10 11
1111001111001111 3 4 5 6 7 8 9 10 11
1100111111001111 3 4 5 6 7 8 9 10 11
1111111111001111 3 4 5 6 7 8 9 10 11
1100000000111111 3 4 5 6 7 8 9 10 11
1111000000111111 3 4 5 6 7 8 9 10 11
