50
2
2 2
3
3 2 2
3
1 1 2
3
2 3 1
26
49 32 34 40 25 29 54 45 46 32 41 42 42 39 35 27 41 42 45 35 28 31 39 54 37 36
26
126 110 119 117 116 25 18 24 22 19 20 26 12 14 18 8 19 22 17 20 26 24 15 19 15 29
8
115 120 126 114 125 131 137 125
3
1 4 3
26
41 43 43 39 41 44 42 27 39 43 36 36 36 40 47 38 45 32 39 31 32 42 34 42 35 33
12
71 79 71 93 90 78 91 68 86 85 87 97
10
104 92 92 104 95 90 95 103 99 118
26
255 269 22 22 30 23 16 21 16 23 22 17 19 20 23 17 22 22 12 24 29 21 16 18 12 9
26
1 1 1 1 1 1 1 1 1 1 1 1 1 1 1 1 1 1 1 1 1 1 1 1 1 1
22
52 49 44 49 46 36 55 41 49 52 39 61 50 41 38 50 46 44 43 40 41 33
26
45 31 37 37 44 47 28 39 32 39 41 28 40 36 48 40 32 37 36 42 43 35 53 32 34 44
26
29 18 133 124 20 20 20 13 20 21 99 20 15 117 15 20 20 24 124 14 21 24 14 23 16 16
26
23 26 18 17 12 24 13 20 21 18 28 13 21 104 27 20 15 24 17 26 19 121 130 116 107 20
26
29 29 32 40 32 32 33 41 48 43 32 40 42 53 38 32 44 37 56 40 33 36 36 42 37 43
3
1 1 1
23
33 46 46 47 47 29 44 33 39 43 51 50 39 53 37 37 43 50 44 57 34 51 43
5
207 191 194 193 208
26
44 28 35 45 40 26 43 36 40 23 39 44 35 39 41 31 41 51 48 31 36 46 53 40 38 27
9
120 112 100 107 104 126 108 103 112
3
2 2 3
7
143 152 138 137 156 144 123
6
163 158 171 162 176 166
3
4 3 1
26
119 109 116 107 126 17 19 15 13 28 21 13 21 21 21 22 30 21 23 18 24 30 18 13 17 18
16
1 1 1 1 1 1 15 1 1 1 1 1 1 1 1 1
21
51 37 58 43 51 49 63 47 46 46 42 38 49 46 45 47 55 46 54 38 44
14
61 78 72 68 84 66 55 73 65 71 75 63 80 86
3
3 1 3
22
58 39 43 33 54 35 46 46 35 40 47 44 52 36 53 39 49 45 49 52 60 37
3
1 3 2
3
2 1 3
3
2 1 2
26
22 27 144 23 135 15 19 19 136 10 25 16 17 17 19 12 22 21 22 27 155 14 21 18 16 28
12
82 93 72 98 85 79 77 78 72 95 77 90
3
3 3 2
26
245 267 24 22 12 25 25 17 16 17 12 23 20 28 21 32 26 21 16 13 19 17 26 32 8 16
26
37 40 42 34 44 38 42 44 56 49 41 27 37 38 34 28 42 36 35 29 38 39 38 29 37 46
3
3 4 2
26
20 1 20 1 20 1 20 1 20 1 20 1 20 1 20 1 20 1 20 1 20 1 20 1 20 1
11
98 91 85 99 66 90 91 110 87 80 95
3
2 4 3
26
45 36 36 36 46 39 36 40 33 36 44 41 30 41 34 38 40 39 42 37 39 31 53 35 35 38
26
179 168 185 18 20 13 24 25 19 24 22 23 26 25 25 18 16 20 17 16 17 16 22 20 20 22
26
44 45 42 42 37 27 42 47 47 41 38 34 35 30 33 27 36 32 37 39 47 34 37 35 34 57
26
25 1 1 1 1 1 1 1 1 1 1 1 1 1 1 1 1 1 1 1 1 1 1 1 1 1
10
9 1 9 1 9 1 9 1 9 1
