10
4024504120055614512260204423661542503335422064602303554303352066536220
15212415534661121361303643136414036
1000
44560130322043511110460062334654364014135253232540021366465262623341400
200033314600002026023611266140525660
1000
2233540222552425560140105002056636036153463213425623222212314322225550
16523626566516251631461503123215331
1000
4223023550566603540051516260531033203311303110041412643364115140616623
203345442331522136160346215606051316
1000
11324031033234260034352061552510203535300205262566304442502555463611612
151160561262606343661105343633623441
1000
6064216360621044451445555322265535201503612405366526132356562330455563
135116253136553003155214652656606214
1000
16665022346104535666360232405600454541451015120210523116115040466565434
56253353363151556416164613041212044
1000
2016425361335542462324615123511035620235242563402512302125231325343035
20354361160632213001010652603422241
1000
33332536542643202223226402441362646206363044043041466114443003000330655
212651364532554265211421654645163645
1000
542250663610316631301534105153250216024364124156353045304064145311235
25225611452653126036321661041442433
1000
