1000
0 55 55
51 36 99
31 11 66
84 79 77
12 100 82
84 1 80
98 38 32
71 76 48
31 11 98
32 74 85
13 28 46
82 77 39
71 87 7
5 100 52
46 13 25
70 91 100
81 40 43
87 22 56
27 97 67
21 66 14
51 66 33
97 61 94
77 75 10
18 57 73
86 67 92
32 71 93
13 47 81
37 73 10
46 13 17
17 24 45
35 87 31
75 79 54
46 74 16
91 10 57
75 12 4
48 64 69
91 2 12
72 73 82
45 3 87
84 98 25
94 7 87
82 2 69
100 60 84
54 53 91
4 42 74
98 31 67
19 7 99
75 31 59
0 92 67
57 85 91
93 6 84
93 73 82
86 54 55
5 36 8
42 35 78
36 32 85
97 88 98
41 85 26
67 7 97
33 6 28
3 66 73
51 65 58
55 4 97
28 62 38
42 63 85
41 20 71
47 39 84
13 55 55
47 66 45
36 93 63
6 56 93
75 33 74
22 75 38
55 99 81
38 13 28
91 2 11
24 1 68
87 20 40
74 83 52
75 30 25
53 90 67
76 47 70
51 61 55
80 65 25
16 39 79
16 43 68
98 6 75
54 70 59
26 26 94
97 81 53
53 3 4
85 13 84
44 27 57
17 73 94
23 58 58
41 48 10
40 5 31
32 96 39
10 32 14
33 17 14
53 70 66
7 29 86
19 25 7
26 20 90
77 91 2
20 98 70
81 16 88
26 7 46
53 100 79
86 92 88
7 21 17
66 15 25
44 60 67
20 28 98
97 7 12
77 97 48
67 23 25
24 24 77
55 71 19
67 12 75
30 64 56
33 24 78
11 83 30
20 46 23
47 53 21
42 67 14
4 11 83
70 70 72
60 100 78
97 44 64
96 10 58
78 28 15
46 26 68
67 5 11
98 57 37
4 17 11
19 15 33
23 17 75
34 14 7
54 36 40
100 64 45
100 1 1
70 44 46
27 5 38
79 48 79
56 30 6
22 88 73
34 29 37
94 13 95
81 45 30
97 40 45
100 76 79
34 72 75
53 97 9
61 12 61
42 25 39
70 29 55
51 32 31
87 37 94
5 34 58
22 14 70
64 20 30
23 1 19
73 81 87
75 36 52
96 74 56
88 7 40
58 63 62
76 82 99
99 77 4
15 27 85
54 31 99
45 61 96
16 11 38
39 68 98
25 76 48
17 75 28
6 37 12
43 41 16
97 76 47
91 24 30
64 25 83
43 81 99
8 67 44
75 63 74
24 84 57
11 30 40
12 65 66
91 86 32
91 96 80
56 6 32
96 31 25
74 86 67
59 19 85
73 79 96
97 83 99
57 14 13
92 38 94
27 61 19
83 98 82
76 5 76
28 88 81
61 65 100
82 70 56
78 3 72
74 73 98
64 16 62
70 57 74
19 90 69
5 47 66
33 55 85
35 64 17
57 41 42
23 65 87
57 28 81
84 79 48
52 72 19
41 58 27
98 41 60
65 69 32
35 29 87
97 16 13
12 7 78
41 5 75
65 39 45
41 97 68
100 33 89
52 96 17
40 29 19
77 41 62
47 68 48
68 82 88
85 16 71
71 8 8
84 95 42
88 76 98
11 45 87
66 22 24
24 57 38
82 42 37
80 5 56
91 54 60
39 5 38
13 9 38
97 82 93
71 75 25
99 70 27
40 32 40
54 12 86
6 12 13
54 13 86
33 44 96
50 65 61
84 63 23
21 84 62
9 3 8
91 2 82
2 20 12
29 2 60
0 42 24
30 86 56
79 7 62
1 52 5
56 61 7
32 77 66
89 80 48
2 86 38
0 20 25
53 5 47
49 60 88
100 87 47
94 6 97
97 37 34
63 74 95
11 72 92
22 64 65
80 33 25
5 20 37
17 52 13
94 54 91
80 94 17
17 36 76
96 23 25
16 74 2
93 54 6
65 81 74
16 12 2
56 1 93
94 20 21
72 40 83
57 64 92
39 62 18
19 77 96
92 55 47
7 95 21
23 100 5
20 46 63
60 86 100
85 33 65
95 23 15
75 83 75
83 83 38
12 55 55
52 39 2
35 55 45
20 56 46
90 67 82
25 25 97
39 94 64
27 23 72
1 42 57
85 73 67
36 98 30
92 31 9
23 74 80
51 22 21
78 28 94
33 29 79
2 47 93
95 52 21
66 30 100
40 67 34
1 23 57
88 56 9
19 61 77
73 41 26
86 41 9
87 47 83
1 13 64
35 81 8
66 16 67
49 32 95
30 83 16
68 55 29
66 92 12
68 47 78
29 23 13
84 90 42
0 54 4
75 93 5
44 19 7
68 31 60
55 55 17
14 84 31
20 71 63
42 13 34
37 87 64
52 71 98
63 18 95
66 89 30
79 37 2
36 67 58
8 100 13
2 100 54
6 27 73
93 24 72
8 64 34
67 88 33
30 44 90
87 81 48
29 25 59
38 15 17
41 67 73
100 55 38
82 47 46
2 59 23
16 58 42
51 82 15
59 72 79
76 86 17
25 47 39
32 38 20
1 87 71
46 60 87
0 20 21
50 22 39
16 93 89
11 99 88
67 48 15
2 94 46
70 15 34
49 79 11
51 61 95
25 61 69
37 21 1
31 30 58
35 62 33
75 23 60
10 87 38
100 54 94
83 62 4
56 57 34
65 89 98
50 95 41
86 23 47
37 43 86
24 8 15
37 65 24
6 26 84
95 22 15
89 99 82
95 11 94
4 47 5
39 39 55
28 11 21
17 55 29
93 21 57
60 87 90
47 32 85
3 83 27
31 83 25
13 45 52
87 66 72
54 99 95
73 44 1
67 1 56
83 21 71
17 78 67
81 79 13
57 76 73
62 67 78
96 44 13
39 68 89
24 60 67
94 29 22
83 15 78
2 64 93
16 86 48
49 34 10
31 9 89
99 26 64
34 92 25
18 82 44
3 8 88
37 13 100
19 80 12
19 41 36
32 46 61
95 59 36
85 74 65
81 53 85
100 89 96
65 42 19
44 26 6
41 88 72
20 73 91
34 26 6
56 87 92
87 93 35
53 89 74
46 38 10
15 72 4
24 26 19
16 15 64
85 7 21
63 90 6
16 48 34
97 48 53
41 62 75
10 33 21
76 27 10
4 99 34
43 82 18
74 29 63
75 68 11
17 79 13
75 76 37
49 48 55
81 14 29
34 10 100
45 54 78
99 13 4
45 83 96
83 89 31
93 37 34
19 87 86
75 97 39
6 54 76
53 6 61
63 93 100
86 7 52
51 34 61
45 12 15
54 83 44
76 70 22
1 81 66
67 10 77
96 95 29
60 98 27
34 44 71
34 27 91
75 69 6
37 26 33
35 35 60
60 57 42
13 82 4
4 87 25
17 63 22
36 12 28
9 76 39
38 68 94
43 97 35
86 22 44
60 68 69
78 31 43
82 35 76
90 47 68
58 20 9
11 99 92
84 18 41
10 33 56
3 31 48
42 93 63
70 87 37
26 54 1
100 39 9
66 96 69
66 75 25
20 39 43
56 83 72
49 18 95
77 31 9
33 12 86
84 30 23
94 30 67
84 74 99
46 4 73
31 32 20
90 78 19
99 58 92
55 82 52
71 75 75
62 17 11
99 60 89
60 81 24
49 22 17
78 22 46
34 38 11
11 32 65
69 77 100
66 98 21
86 33 83
91 10 23
75 56 53
65 77 76
77 46 25
25 68 86
45 24 7
0 65 91
27 69 53
57 92 78
11 97 8
6 54 76
44 52 32
97 87 65
75 9 23
6 23 99
15 48 19
73 5 80
75 71 84
39 62 100
62 24 38
79 100 64
84 63 8
88 40 84
76 58 19
47 12 95
36 60 91
75 37 68
7 34 65
13 42 34
51 46 69
16 46 80
71 83 38
13 15 91
84 79 64
84 32 46
90 14 81
15 19 12
94 30 1
16 58 27
4 99 54
2 76 15
19 67 40
44 31 91
44 62 13
13 62 69
20 62 88
23 3 100
100 91 95
34 92 69
13 17 1
30 94 18
26 92 27
38 13 25
30 25 5
5 95 26
70 93 6
51 16 83
1 54 73
6 57 10
53 76 77
3 98 22
48 39 20
59 31 96
79 26 26
82 94 57
49 78 52
74 32 16
36 54 38
89 86 90
47 71 80
63 42 23
54 84 33
42 91 58
97 18 34
35 97 48
21 88 44
37 56 98
95 88 7
25 54 15
85 70 9
63 39 40
100 68 14
21 80 63
5 4 81
84 38 75
82 79 96
58 85 42
48 16 37
52 44 12
62 57 13
23 76 96
88 98 54
79 88 11
94 41 86
2 36 39
80 70 89
29 37 5
3 38 18
51 72 5
33 70 76
76 23 47
98 100 65
4 92 13
16 79 40
24 89 95
25 55 35
63 53 74
44 88 41
69 82 83
99 62 71
1 73 59
67 3 26
90 16 86
12 8 16
5 19 45
82 56 91
54 69 77
78 23 25
85 85 71
73 4 82
55 58 79
73 35 23
42 33 8
5 47 9
22 28 37
2 9 3
18 13 17
96 55 72
42 7 15
44 65 58
23 89 93
7 38 80
5 97 10
34 74 94
3 82 67
41 31 52
8 61 41
7 25 48
37 62 67
57 58 89
52 27 39
24 29 11
21 99 3
48 86 21
47 25 9
88 17 100
41 26 27
36 41 40
15 14 85
42 93 80
4 95 82
93 61 47
2 72 59
23 5 33
79 91 11
28 95 98
93 81 97
30 57 67
50 78 61
87 5 14
17 53 33
5 92 68
17 2 33
69 3 81
4 38 5
0 27 62
74 13 7
61 34 14
23 68 11
79 46 84
13 46 10
55 94 27
100 17 30
43 58 83
7 33 36
49 73 97
39 42 75
35 99 22
32 98 7
90 22 23
41 9 44
10 22 75
14 60 30
60 81 83
83 41 63
74 98 45
56 35 42
9 67 98
36 87 6
55 32 37
88 55 34
100 9 27
52 91 16
97 24 78
98 85 38
81 58 33
27 6 1
79 6 30
89 48 39
46 100 80
4 80 61
34 9 32
59 8 29
81 3 94
10 55 4
99 35 58
71 28 11
10 34 81
21 89 97
22 34 52
20 46 39
35 72 76
8 7 32
63 4 15
67 45 84
81 88 84
52 37 89
82 24 95
14 78 60
51 52 94
91 88 3
17 26 74
72 45 65
14 72 37
20 11 46
81 64 71
4 57 29
4 62 87
47 1 94
21 53 4
73 66 59
77 21 90
12 72 15
38 87 35
92 100 81
74 27 60
12 83 57
52 90 42
57 76 70
97 14 17
97 96 54
19 32 19
99 99 99
87 70 20
56 44 57
18 75 3
89 80 24
28 100 1
96 80 66
81 8 37
21 63 84
91 35 47
76 10 62
30 41 28
34 72 48
25 85 66
43 48 99
38 3 52
98 29 77
84 69 3
68 23 60
100 35 40
36 65 62
52 68 11
58 58 81
89 11 13
85 86 56
82 32 14
50 69 97
84 53 47
5 21 40
2 96 76
13 62 100
61 11 97
95 85 18
45 38 11
17 43 82
36 86 34
14 59 83
23 7 39
97 44 60
76 84 67
41 35 64
4 8 40
95 24 55
72 36 27
71 81 41
14 33 90
15 40 98
81 30 41
35 55 63
32 67 10
6 33 77
65 18 82
75 53 41
46 54 18
25 63 58
95 11 94
52 22 97
27 56 28
36 42 44
2 77 57
76 9 32
51 7 31
53 52 65
57 75 18
27 86 68
31 47 82
75 97 59
93 85 66
100 66 7
84 90 1
82 55 91
34 21 80
4 64 27
22 4 96
79 20 6
55 2 71
2 32 95
98 83 39
34 68 35
45 58 69
17 6 40
2 21 41
57 61 15
55 82 21
1 90 31
73 100 14
60 34 72
85 96 27
56 82 23
29 90 66
25 74 22
31 80 31
57 59 38
28 81 52
54 86 32
44 95 98
59 83 100
44 5 97
63 38 11
79 4 33
38 4 1
33 20 79
38 100 15
100 89 76
8 88 1
83 27 46
84 98 55
55 84 13
35 73 75
64 88 26
13 99 9
42 67 86
29 16 45
10 37 85
55 98 32
70 35 42
20 14 88
94 53 82
32 81 7
48 19 14
82 47 30
4 84 60
88 45 37
16 20 13
13 64 42
45 94 28
72 21 28
25 60 20
91 63 85
10 34 82
83 53 23
95 61 13
16 88 96
7 78 53
68 63 40
100 37 76
22 95 30
21 28 21
23 8 13
19 32 69
7 84 22
31 43 35
100 28 10
70 88 73
68 94 26
61 53 3
94 29 61
82 86 16
93 8 68
35 45 55
38 6 39
27 63 72
58 27 76
33 61 4
67 58 20
61 29 41
98 4 46
10 22 55
66 17 16
62 44 84
64 82 82
63 43 23
51 26 61
100 6 94
92 33 47
68 85 59
99 61 22
91 25 16
73 94 6
81 38 43
21 81 30
89 42 1
76 77 73
34 78 21
68 45 5
36 98 27
61 63 52
69 74 98
29 35 24
28 13 37
36 64 15
75 18 15
38 31 43
56 56 52
63 73 6
92 10 71
49 86 5
28 9 52
16 35 59
30 29 57
26 63 84
19 38 41
21 57 20
72 15 93
99 92 73
12 3 26
57 71 100
94 75 65
67 95 83
68 88 5
38 42 11
70 42 40
41 12 92
73 9 85
15 74 4
62 87 92
30 61 23
69 44 38
13 63 44
52 36 12
22 42 25
74 32 14
87 63 16
4 47 1
58 20 22
31 10 68
