2005
0 55 55
12 55 55
13 55 55
99 99 99
87 20 40
100 1 1
57 28 81
31 9 97
81 64 71
38 10 22
73 60 73
35 99 22
63 43 23
70 25 2
94 41 86
88 45 37
48 100 27
65 70 12
87 40 57
42 13 34
20 46 39
43 47 33
77 75 10
97 48 53
46 4 73
50 20 90
36 65 62
83 53 23
73 79 96
70 87 37
76 86 17
53 5 47
56 22 38
61 6 25
17 37 79
25 69 7
89 48 41
71 28 11
21 53 4
81 88 84
39 62 18
51 26 61
15 27 85
41 67 73
0 33 60
24 26 19
100 91 42
66 89 30
17 89 70
41 98 74
6 90 7
46 38 10
79 100 64
33 44 96
59 43 87
24 89 95
61 63 52
73 7 6
90 47 68
82 56 91
34 72 48
83 45 78
66 69 9
61 30 32
93 91 57
84 69 3
32 68 96
77 89 85
4 1 83
63 5 13
5 47 9
95 23 15
0 57 27
67 73 45
39 81 80
41 97 37
79 37 2
28 100 1
83 81 21
75 71 84
49 37 81
12 7 78
84 79 77
68 82 88
78 84 95
100 47 93
13 98 74
38 20 36
45 3 87
11 69 57
29 94 95
31 86 25
58 16 65
66 19 66
51 22 21
58 36 22
67 45 84
92 67 54
37 54 52
33 84 61
32 46 61
98 41 60
89 21 73
56 80 4
98 80 87
70 100 38
62 17 79
7 62 58
3 40 45
7 56 41
53 85 73
74 13 7
45 94 28
16 81 80
28 9 52
41 62 75
13 45 52
100 35 40
64 96 55
46 65 73
61 38 36
88 55 34
62 48 83
34 67 6
50 91 58
15 14 85
13 17 1
46 100 80
92 7 98
93 85 66
44 4 23
99 91 5
71 75 75
45 39 23
70 44 46
71 35 27
79 88 11
73 32 97
62 57 13
68 88 23
91 63 31
8 34 45
5 98 52
31 83 25
67 94 53
47 85 3
44 71 96
11 99 88
14 81 78
26 4 85
41 12 92
77 67 94
12 8 16
72 53 57
33 35 34
13 62 69
69 62 92
21 28 21
46 18 82
31 43 35
34 26 6
65 77 76
79 31 94
93 62 88
19 61 77
97 10 17
1 45 6
59 75 48
4 47 5
73 94 45
24 81 77
23 5 33
90 70 34
75 23 60
78 23 25
60 81 24
51 39 32
63 90 6
32 43 54
25 43 2
63 4 15
7 33 36
96 44 13
99 8 69
67 12 75
71 76 48
66 96 69
49 35 2
58 99 46
83 77 98
50 22 62
48 69 67
62 87 92
54 7 5
91 83 54
35 87 31
68 31 60
98 28 93
2 94 46
32 74 85
47 88 38
2 76 15
85 71 33
1 22 6
46 74 16
69 44 38
18 66 28
79 94 60
29 75 87
46 13 17
57 27 68
49 86 5
65 69 32
60 98 27
30 15 68
84 24 17
97 83 99
99 77 4
48 38 28
54 93 10
40 5 31
26 92 27
85 33 65
49 42 78
61 12 61
51 16 83
16 86 48
100 90 10
17 24 45
50 22 86
61 87 41
95 53 33
21 81 30
29 21 89
37 29 63
14 30 25
77 88 1
11 73 54
47 27 8
79 91 11
49 47 74
46 83 61
70 67 75
21 17 22
85 67 94
91 59 33
10 87 38
25 74 22
97 82 93
49 43 41
30 94 18
34 85 73
52 72 19
82 65 54
77 18 99
2 93 86
48 46 58
65 81 74
66 22 24
61 9 64
18 57 73
75 97 39
92 33 47
49 34 10
7 55 85
81 3 94
10 33 33
62 24 38
25 23 43
49 2 81
1 74 53
49 79 11
34 16 89
52 36 12
83 15 78
49 22 17
30 64 56
100 45 18
12 25 45
23 65 87
82 47 30
55 98 32
70 59 36
5 85 97
92 10 71
70 57 74
55 36 81
99 8 47
35 22 38
6 33 77
34 66 96
100 27 67
75 12 4
99 10 38
35 55 63
8 67 44
14 36 81
30 60 84
77 65 16
18 13 17
89 86 90
65 88 97
10 34 81
39 43 22
30 41 28
36 67 58
83 77 15
51 7 31
2 64 93
99 3 95
16 86 46
70 29 55
23 74 80
51 61 55
86 15 32
56 48 75
86 92 88
50 42 68
28 14 70
34 99 40
13 28 46
22 2 57
41 58 27
93 73 82
31 40 41
20 41 6
88 64 68
73 6 68
72 69 8
57 85 91
64 38 29
72 17 12
53 80 34
53 86 23
58 18 38
43 54 4
7 29 92
57 98 14
4 80 61
99 92 73
97 88 98
20 56 46
10 22 75
86 89 75
98 29 77
54 47 14
36 17 39
47 74 14
50 96 59
79 48 76
59 83 100
8 100 13
69 26 21
83 25 47
13 63 44
90 58 66
41 32 82
44 68 69
82 89 7
37 13 100
57 76 70
80 78 67
92 4 28
87 63 16
78 21 43
67 7 97
38 91 22
12 72 15
74 35 78
16 20 69
62 44 84
9 100 8
63 73 6
37 56 98
2 21 41
73 100 14
33 56 65
0 42 24
57 52 31
16 46 80
81 45 30
85 9 98
61 58 61
37 59 59
94 73 33
85 84 21
34 92 25
0 30 70
80 2 41
1 73 59
27 5 38
14 59 83
21 88 44
84 98 55
34 68 35
19 8 1
29 81 85
14 19 22
39 39 55
16 15 64
39 72 57
94 62 11
14 65 87
63 53 74
46 100 56
72 40 83
67 95 83
53 77 48
33 18 17
8 92 17
55 12 25
95 59 36
64 70 73
91 63 85
42 93 80
57 26 71
75 9 23
8 58 1
35 8 16
11 72 92
86 41 9
22 14 70
55 32 37
44 52 32
43 9 84
52 68 7
91 10 23
91 22 82
70 72 24
1 69 27
51 66 33
78 31 43
45 58 33
25 47 39
48 48 69
82 94 57
99 61 22
7 29 86
50 45 96
16 96 54
41 85 37
74 92 31
1 54 73
24 1 68
33 24 78
38 27 52
0 65 91
30 5 25
8 61 41
74 29 63
25 25 97
28 95 81
89 80 24
74 9 58
100 28 10
75 52 73
81 4 75
45 12 15
54 28 31
4 64 60
19 15 33
14 84 31
91 74 34
23 7 3
44 33 42
37 2 41
84 58 8
5 5 86
44 27 57
82 70 56
78 12 41
25 68 86
27 69 53
66 75 25
28 46 55
21 60 67
25 93 2
30 86 56
25 12 74
93 62 100
30 44 90
77 46 25
23 76 96
81 16 88
31 37 19
42 4 54
52 22 97
13 66 1
0 99 43
96 80 66
39 68 98
79 40 83
75 56 53
0 54 4
84 79 64
75 53 41
63 97 5
36 69 53
8 88 1
32 94 82
7 68 97
37 24 17
34 5 87
66 16 67
94 75 65
7 34 65
10 55 27
68 13 87
100 55 38
79 67 41
17 32 44
33 39 73
38 13 28
100 89 79
84 70 75
33 6 28
75 96 31
56 6 32
100 31 47
67 43 20
79 48 79
35 29 87
32 10 75
67 43 16
13 94 70
85 96 27
17 73 94
19 59 93
57 14 13
12 72 83
97 7 12
7 83 47
65 34 26
55 80 45
84 48 1
21 26 87
71 87 7
37 77 96
66 25 14
24 66 29
71 8 8
91 96 80
21 99 3
42 62 90
36 87 6
35 43 32
21 89 97
93 28 75
50 78 61
2 98 62
18 82 44
91 48 60
17 2 33
22 97 31
87 37 39
13 82 4
59 60 85
16 97 9
90 48 65
93 6 84
28 1 34
72 45 65
76 23 47
25 60 20
16 48 34
12 71 89
13 68 39
65 46 89
17 36 76
59 82 94
75 30 25
72 9 77
91 25 16
94 13 95
49 97 30
81 38 96
84 63 8
16 54 82
73 81 29
65 48 46
28 89 30
62 17 11
89 11 13
5 47 66
46 60 37
100 91 95
70 35 42
6 36 66
52 90 42
35 55 45
8 2 87
56 84 29
54 69 77
26 54 1
98 23 27
65 77 35
75 91 13
44 95 98
55 71 19
51 34 61
81 14 29
39 85 37
95 88 7
13 9 38
3 75 98
6 74 68
98 96 13
17 43 82
98 39 27
100 17 30
49 11 58
50 27 13
34 59 57
66 26 38
87 5 14
67 10 77
46 13 25
91 88 3
78 28 94
38 18 74
25 76 48
72 36 27
35 71 80
87 57 12
79 4 33
8 44 91
29 72 80
16 5 23
55 84 13
41 20 71
18 61 15
35 9 73
86 25 64
95 52 21
75 18 15
49 18 95
8 3 76
6 74 32
46 71 15
61 11 61
80 5 56
0 39 48
55 4 97
14 98 61
36 93 63
42 91 58
1 42 57
86 33 83
66 15 25
88 7 40
83 27 46
69 25 52
93 8 68
67 45 63
85 74 65
91 41 56
42 67 14
28 75 45
78 28 15
42 12 84
95 20 58
74 3 72
39 5 87
47 52 75
36 98 30
4 90 64
64 85 30
90 78 19
52 79 8
84 58 56
83 39 80
22 75 38
94 7 87
54 72 3
42 58 87
85 85 34
70 70 72
44 19 7
53 61 85
10 33 56
26 63 84
34 15 71
41 26 27
11 92 53
70 35 40
64 76 28
93 79 38
54 36 40
99 60 89
74 32 16
68 45 5
81 38 43
82 24 95
93 94 28
43 19 26
52 44 12
53 46 81
46 54 18
88 56 9
99 13 4
91 77 63
75 93 5
76 82 99
65 77 89
3 8 88
0 2 42
95 29 87
93 68 55
67 53 15
34 92 69
63 47 47
23 58 58
17 42 4
21 63 84
54 28 35
59 30 79
73 9 85
99 62 71
18 22 25
63 38 11
41 87 80
15 72 4
51 76 26
37 62 67
7 25 48
85 73 67
83 21 71
25 61 69
21 6 39
54 6 54
61 65 100
81 13 32
45 54 78
90 69 64
20 46 63
13 47 81
27 65 77
43 48 99
11 45 47
11 45 87
39 42 75
47 1 94
16 66 96
20 28 98
35 45 55
75 97 59
38 6 39
1 55 20
82 19 81
84 93 54
33 20 79
100 98 41
35 62 33
23 79 47
0 68 90
96 95 29
3 19 75
66 92 12
64 88 26
0 15 62
42 25 39
11 83 30
91 9 77
42 8 52
47 8 15
52 71 59
6 57 10
33 36 11
16 10 4
99 26 64
95 92 84
65 91 93
15 87 67
45 83 96
57 58 89
63 39 40
97 87 65
5 97 10
9 72 95
37 33 85
75 79 54
60 38 13
80 15 95
73 67 79
49 32 95
12 59 63
84 74 99
57 10 21
96 23 79
55 47 53
33 60 68
67 83 21
14 10 10
38 96 19
83 56 97
84 95 42
36 98 27
38 31 43
39 62 19
56 44 57
62 46 8
19 67 40
34 98 65
57 64 92
20 46 23
15 100 82
100 66 13
36 42 44
76 27 10
53 90 67
100 64 45
6 23 99
49 73 97
13 15 91
66 20 11
4 84 60
0 10 42
80 74 70
96 97 9
12 33 57
55 93 15
62 59 95
20 73 83
85 7 21
55 82 52
78 22 46
36 61 83
37 26 33
32 96 39
22 4 96
1 87 21
67 60 11
23 24 41
43 58 83
56 65 95
100 89 96
100 39 9
61 71 58
40 79 88
80 80 99
9 76 39
22 64 65
8 61 3
69 11 77
84 98 25
19 90 69
39 5 38
3 66 73
90 14 81
32 98 7
36 22 35
85 73 70
18 95 60
10 86 69
72 82 11
3 82 67
52 33 14
80 70 89
34 64 3
0 27 62
31 47 82
80 94 17
23 7 39
28 13 37
95 61 13
31 46 91
19 7 99
100 6 94
53 3 4
37 21 1
22 45 39
53 92 12
74 86 76
38 55 3
1 12 64
85 85 71
84 38 75
43 41 16
47 66 68
35 57 4
74 73 98
31 3 8
21 52 78
91 77 4
48 16 37
48 100 7
76 85 40
75 68 11
13 64 55
92 31 9
59 8 29
7 72 10
66 68 37
34 10 100
82 98 10
89 80 48
75 33 74
32 15 55
35 72 76
20 11 46
100 91 18
42 33 8
36 41 40
51 57 31
8 13 21
15 70 53
2 9 3
55 83 24
19 41 36
54 70 59
47 53 21
20 71 63
12 9 17
36 64 15
57 75 18
3 53 40
24 84 57
58 86 97
43 82 22
19 80 12
23 70 19
44 31 91
100 33 89
47 32 85
95 33 26
28 81 52
90 93 62
52 27 3
4 42 74
9 70 2
32 60 75
79 20 6
1 13 64
34 29 37
72 73 82
5 74 9
94 29 61
13 46 10
97 76 47
13 78 5
7 13 7
75 83 75
13 99 9
23 60 91
99 92 60
34 78 21
45 39 5
6 27 73
7 95 21
11 30 40
34 72 75
97 40 45
59 19 85
88 17 98
4 62 87
30 83 16
50 65 61
85 70 9
6 68 91
88 27 3
74 76 22
1 52 5
10 9 17
8 20 80
88 58 41
31 90 6
99 58 92
39 68 89
38 36 53
78 56 13
46 59 25
38 73 58
44 52 32
77 83 58
78 13 34
11 78 3
91 2 12
34 78 66
4 95 82
35 35 60
89 42 1
12 88 91
100 37 76
75 69 6
58 20 9
35 97 48
80 66 44
73 91 41
74 83 52
22 89 58
23 21 97
67 89 59
22 28 37
17 55 29
52 71 98
65 89 98
55 37 9
27 39 58
85 68 41
75 76 37
48 64 69
24 57 9
76 10 62
90 72 20
25 63 58
91 2 82
76 21 60
41 9 44
79 7 62
95 82 27
40 67 34
76 47 70
38 8 35
96 55 72
78 3 72
39 12 84
14 89 2
34 27 91
31 10 68
43 82 18
85 55 91
67 67 62
73 41 26
37 3 58
37 33 18
81 30 41
72 21 28
68 94 26
69 74 98
59 46 2
55 3 20
52 37 89
2 32 95
80 60 28
2 72 59
10 72 100
17 17 24
60 87 90
64 20 30
49 78 52
48 62 3
6 90 18
80 33 25
20 14 88
69 82 83
97 61 94
34 38 11
82 20 52
100 84 31
17 52 13
27 63 72
17 69 21
11 10 80
78 100 69
59 30 95
49 48 55
79 8 72
54 73 68
45 4 63
44 5 97
80 22 42
53 76 77
43 97 35
61 11 30
2 47 93
6 12 13
94 54 91
6 56 93
45 61 96
100 54 94
96 67 6
9 67 78
98 31 67
16 88 96
25 85 66
10 67 92
76 78 55
61 11 97
47 25 9
87 70 20
16 79 40
28 88 81
91 86 32
91 54 60
2 35 88
67 56 15
34 54 33
38 3 52
67 68 52
24 60 67
89 41 20
97 44 60
79 29 41
98 57 37
12 83 57
7 79 5
25 40 82
13 69 20
56 56 52
29 23 13
98 69 74
65 39 45
73 81 87
74 24 4
75 36 52
97 96 54
4 45 66
1 23 28
96 23 25
20 98 70
27 6 1
48 52 2
89 8 11
77 91 2
50 22 39
61 85 22
24 24 77
47 88 70
90 67 82
41 97 68
84 75 56
68 23 60
73 5 80
14 78 60
71 75 25
33 69 55
72 83 63
100 60 84
93 21 57
90 77 46
46 25 23
8 78 93
4 86 31
15 29 66
86 82 81
86 54 55
23 35 44
76 45 72
38 87 35
25 43 87
34 44 91
28 95 98
15 40 98
60 4 61
55 71 46
42 67 86
89 84 47
14 58 26
87 81 48
96 100 18
88 76 98
82 93 96
92 38 94
66 43 12
69 91 72
37 17 62
82 79 96
7 13 96
91 5 25
34 29 29
53 89 74
27 97 67
48 19 14
38 13 25
63 93 100
27 23 13
80 25 64
22 21 46
59 31 96
30 5 55
3 89 85
56 57 34
16 74 2
68 88 5
16 58 27
48 77 79
84 5 4
21 61 42
5 21 40
1 28 70
84 79 48
60 5 38
79 13 6
28 62 38
61 53 3
74 86 67
2 67 55
71 52 15
19 77 72
15 73 20
70 88 73
13 21 19
66 96 69
0 34 29
60 83 20
54 12 86
51 37 95
100 87 47
71 83 38
8 47 90
92 40 17
19 53 6
19 78 93
4 25 17
30 29 57
75 40 70
73 4 82
87 28 17
98 83 39
16 39 79
97 14 17
59 75 32
62 18 5
93 92 92
94 53 82
67 23 25
40 47 81
87 22 56
61 56 2
31 11 66
52 91 16
68 63 40
11 32 65
23 7 57
15 28 37
70 42 40
77 21 90
15 81 30
21 84 62
59 89 41
60 24 94
36 4 21
20 60 75
60 81 83
76 41 73
51 32 31
96 10 58
85 13 84
0 20 25
82 86 16
20 56 69
55 99 81
97 24 78
20 18 1
23 1 19
24 8 15
83 41 63
55 48 15
60 2 68
43 86 20
82 35 76
30 17 52
22 42 25
36 60 91
82 77 39
77 83 32
54 13 86
66 90 100
94 30 5
42 35 78
35 16 42
57 71 100
47 12 95
48 59 23
68 6 13
71 59 9
80 65 25
28 2 36
88 40 84
44 62 13
79 69 11
61 18 70
8 87 8
10 22 55
79 6 30
65 42 19
90 24 63
84 40 70
6 37 12
23 17 75
100 31 11
52 23 15
89 74 71
30 25 5
81 58 33
87 21 91
38 86 11
43 81 99
4 57 29
33 34 86
61 89 91
45 58 69
87 66 72
10 38 38
84 30 23
0 71 40
57 38 52
35 68 35
96 33 27
36 86 34
98 100 65
40 76 92
48 86 21
70 16 5
85 2 99
70 93 6
41 35 64
40 31 94
52 27 39
70 15 34
29 37 5
74 35 91
100 6 31
40 29 7
41 48 10
45 24 72
45 19 56
13 42 34
95 22 15
80 32 67
46 69 58
52 39 2
58 90 100
22 54 16
93 26 48
78 71 68
73 29 39
81 40 43
25 24 95
67 1 56
95 85 18
85 86 56
77 46 98
19 32 19
48 39 20
23 68 11
42 63 85
16 53 10
98 85 64
78 53 78
80 46 30
17 8 18
96 31 25
98 55 70
77 97 48
97 10 91
86 7 52
19 13 36
95 11 94
5 77 3
71 86 34
94 30 1
67 3 26
42 33 100
16 43 68
28 43 83
16 11 38
1 94 5
19 95 1
78 12 26
34 21 80
82 28 71
31 80 31
31 15 100
10 32 14
52 20 71
94 20 21
37 87 8
56 35 42
38 18 100
38 4 40
99 70 27
40 32 40
54 86 32
5 77 17
100 74 54
53 28 74
25 54 15
9 3 8
91 35 47
1 97 39
17 79 13
43 24 79
60 34 72
77 76 20
67 14 93
66 98 21
85 12 5
84 63 23
30 74 67
55 94 47
44 65 58
42 7 15
53 48 15
87 37 94
38 92 85
67 88 33
38 100 15
41 5 75
54 8 62
34 74 94
32 27 27
2 1 3
71 28 4
17 31 57
67 54 42
79 74 13
11 99 92
100 26 16
84 90 1
0 53 42
9 10 84
47 2 34
5 100 52
68 76 65
55 55 17
35 73 75
47 66 45
6 54 76
41 54 55
51 65 58
76 84 67
73 94 6
97 81 53
65 18 82
57 41 42
56 91 37
2 36 39
51 61 95
95 21 59
28 44 77
83 98 82
100 9 27
52 79 95
98 87 25
22 95 30
29 42 62
23 8 13
23 100 5
10 28 72
72 96 80
19 23 85
35 81 8
6 53 79
96 46 59
67 19 16
42 65 78
94 30 67
57 87 8
29 25 59
44 35 57
22 20 89
46 60 87
33 61 4
34 9 32
14 33 90
73 44 1
11 60 98
33 29 79
67 48 15
31 32 20
22 88 73
29 16 45
83 62 4
84 1 80
19 77 96
70 91 100
27 23 72
84 26 67
64 16 62
59 98 12
7 84 22
16 66 92
93 73 87
54 84 33
94 11 37
32 67 10
99 97 98
50 95 41
94 6 97
15 90 92
57 75 37
69 39 59
3 38 18
5 42 25
43 89 76
58 91 89
61 55 7
61 95 87
79 46 84
75 31 59
76 70 22
21 66 14
74 32 14
42 93 63
26 20 90
87 78 17
46 13 67
84 90 42
15 74 4
6 54 76
86 22 44
41 31 52
100 18 7
12 85 59
75 63 74
50 36 93
13 9 61
55 77 36
31 9 91
10 19 4
18 69 54
73 93 3
97 18 34
60 29 94
82 87 30
99 95 91
59 78 24
87 12 14
59 22 76
41 88 72
2 48 25
99 35 58
23 89 93
100 61 33
79 87 63
53 22 1
12 3 26
55 82 21
10 36 76
5 19 45
16 93 89
14 46 40
90 98 72
18 56 55
93 5 46
100 84 72
57 48 78
71 81 41
81 69 83
63 42 23
54 18 72
18 75 8
86 98 75
87 15 84
36 54 38
73 35 23
52 56 84
5 95 26
2 59 23
29 90 66
5 20 37
32 81 7
29 2 60
8 59 6
31 30 58
28 11 21
7 52 70
56 82 23
66 17 16
34 44 71
45 24 7
22 41 17
14 72 37
77 41 62
76 7 28
61 29 41
58 63 62
76 5 76
35 64 17
51 72 5
43 72 63
31 9 89
75 28 25
34 14 7
24 64 84
100 97 2
96 2 72
53 52 65
63 75 34
57 61 15
52 58 41
27 81 7
9 78 90
100 66 7
98 38 32
79 26 26
30 64 33
13 15 75
54 84 77
47 92 81
2 96 76
60 68 69
67 60 99
100 63 3
40 9 35
91 2 11
17 81 100
90 22 23
53 97 9
27 56 28
33 12 86
63 18 95
25 17 18
56 83 72
23 3 100
73 66 59
52 96 17
16 20 13
16 81 32
31 57 62
100 23 20
48 21 33
3 31 48
57 59 38
5 34 58
4 8 40
19 38 41
0 44 99
17 53 33
94 24 53
19 57 99
56 1 93
53 66 72
57 92 78
92 82 14
40 58 61
76 58 19
68 55 29
51 52 94
16 12 2
60 52 78
13 62 100
97 70 4
23 34 79
57 66 7
75 55 81
47 71 80
83 89 31
49 60 88
30 9 85
98 85 38
95 44 79
21 57 20
52 69 42
40 29 19
6 45 79
50 66 61
6 10 20
58 58 81
95 24 55
4 38 5
20 73 91
58 12 24
27 86 68
93 54 6
5 92 68
33 17 14
7 52 33
39 94 64
27 61 19
15 12 1
75 18 61
79 6 20
23 36 86
60 86 100
28 74 83
30 57 67
22 61 99
62 86 17
7 78 53
91 24 30
4 92 13
97 16 13
74 77 38
72 15 93
38 2 57
54 31 99
8 31 78
67 5 11
69 77 100
84 18 41
8 7 32
8 90 85
92 3 36
26 7 46
26 57 61
31 20 6
24 57 38
62 90 75
75 46 17
90 37 82
52 29 5
2 57 53
31 8 81
18 28 91
90 76 61
15 19 12
45 38 11
55 94 27
7 55 65
7 84 93
32 14 83
81 79 13
51 36 99
13 64 42
89 99 82
1 95 53
65 83 43
88 5 55
4 99 34
17 78 67
17 75 28
52 68 11
83 88 33
30 61 23
17 46 54
55 68 37
79 70 92
7 38 80
62 46 1
20 2 14
87 37 36
38 42 11
51 82 15
10 37 85
98 4 46
32 38 20
55 58 79
32 47 87
90 69 60
84 71 12
61 34 14
19 87 86
93 81 97
97 58 73
100 70 91
10 5 43
21 1 14
26 2 42
17 6 40
50 58 100
67 58 20
73 43 35
33 58 9
76 9 32
84 53 47
56 92 59
5 4 81
56 61 7
82 47 46
9 67 98
44 26 6
4 11 83
83 12 56
40 87 59
29 35 24
100 89 76
18 75 3
74 27 60
87 47 83
85 93 63
22 84 76
1 81 66
56 87 92
3 96 47
69 96 28
37 73 10
72 98 89
84 32 46
24 100 35
37 92 57
25 18 17
64 25 83
82 32 14
91 65 22
82 2 69
21 80 63
14 12 58
28 96 15
47 27 41
2 86 38
93 24 72
10 33 21
86 67 92
64 15 25
90 63 36
93 37 34
20 24 95
97 69 86
72 68 30
22 15 99
89 37 94
93 61 47
43 30 26
19 25 7
20 39 43
6 26 84
4 47 1
88 93 40
37 87 64
53 6 61
97 37 34
11 97 8
43 44 59
7 54 41
30 65 81
25 65 34
96 46 9
55 94 1
88 98 52
77 23 24
42 73 40
10 34 82
69 96 3
52 60 75
57 53 73
68 23 92
69 18 21
1 23 57
72 84 72
86 23 47
0 92 67
82 45 77
47 39 84
86 75 33
12 39 71
54 99 95
97 44 64
78 92 39
13 35 36
97 40 88
82 55 91
1 90 31
67 77 35
28 53 36
12 98 95
44 60 67
57 76 73
17 63 22
95 62 96
29 21 13
0 32 79
16 35 59
51 16 84
77 61 9
92 100 81
65 19 26
100 68 14
98 22 42
1 87 71
76 77 73
28 16 5
1 7 59
98 42 24
48 55 54
12 24 3
19 32 69
9 77 77
66 30 100
94 29 22
32 71 93
45 62 57
81 64 70
45 70 62
12 100 82
7 21 17
50 69 97
5 66 37
79 12 10
69 3 81
15 48 19
50 82 26
68 47 78
20 94 40
38 15 17
25 55 35
10 55 4
91 47 20
91 61 19
100 76 79
2 20 12
62 67 78
92 80 87
55 65 61
53 70 66
12 65 66
74 98 45
4 78 15
36 12 28
4 79 33
16 58 42
4 17 11
99 41 62
88 98 54
98 6 75
81 8 37
87 63 13
4 64 27
56 30 6
83 83 38
14 60 30
3 98 22
53 100 79
14 63 94
53 48 96
59 72 79
95 11 94
77 89 75
75 37 68
51 9 46
95 85 81
32 77 66
28 37 95
22 34 52
64 81 11
28 12 87
19 54 59
64 82 82
4 99 54
36 32 85
38 68 94
2 77 57
61 88 67
88 17 100
26 26 94
77 31 9
55 2 71
80 53 38
75 2 67
5 36 8
44 7 12
92 55 47
52 10 20
51 46 69
77 28 9
46 26 68
19 71 93
58 27 76
68 85 59
81 53 85
18 89 10
93 40 71
85 16 71
39 62 100
6 97 77
17 26 74
86 14 22
11 5 82
21 94 36
56 43 8
20 60 5
29 11 42
37 65 24
3 83 27
26 91 40
23 66 83
4 87 25
24 29 11
91 86 25
59 96 91
0 89 69
95 95 17
3 22 39
44 88 41
29 36 86
24 98 37
2 42 20
43 99 74
91 10 57
47 68 48
18 18 95
76 87 22
15 81 62
41 85 26
38 4 1
60 100 78
54 98 4
60 57 42
98 13 29
28 58 46
90 16 86
0 20 21
37 43 86
20 62 88
33 55 85
82 42 37
54 53 91
82 97 70
99 70 86
77 75 53
29 71 99
63 74 95
58 20 22
89 48 39
25 2 9
54 83 44
8 64 34
33 70 76
31 11 98
87 93 35
58 85 42
96 74 56
96 28 17
2 100 54
