100
0
1
2
11
1692
7
234124
8
786100
895500
10
999995
464629
226267
999994
261134
625153
30104
34
696219
827170
354260
686634
168529
124
999991
337234
663283
571769
398390
655492
4606
819272
554631
479973
898473
887295
449899
777866
234891
25
125663
492654
382066
125000
486873
927179
9
999999
532917
608098
89411
999993
788687
234255
795648
200
7028
170340
40
523872
999992
999998
994096
130325
1000000
836726
418617
1250
703525
192619
148979
441758
602484
553753
718795
3
940074
999997
5
331806
118342
6
661930
825848
999996
749586
166
448923
67350
779197
347589
526005
12500
125
679052
45387
20
408043
4
