100
2525 1
2400 5
300 2
120 60
60 90
714562609 13
357083781 2561
395714573 6397
594650070 2906
452486973 6068
355843043 3189
653664450 2215
304309237 6787
551498223 2278
549164446 3448
63378212 7538
360739929 9464
264464303 7052
65902820 8856
383553262 1000
305441887 4830
14005241 4094
162170443 6468
350806269 8770
11162231 3666
306632933 736
37715908 536
211990240 2318
127269255 160
353925405 7747
243015652 9811
157029721 6141
366261385 995
252476894 8969
100736300 5547
140133637 3803
362694173 6975
325755101 3839
382832396 8129
156787217 4189
205208621 2714
297442924 5654
13751445 399
265362095 7059
372660610 7465
317889111 8994
347553966 4993
337742123 656
367632035 7510
150535091 3190
277335777 1485
142534915 4489
306332550 4522
78022299 6258
349886180 8117
373263203 3966
204549332 8686
329023577 985
251291719 7146
186561683 3381
152184345 2272
309824926 7598
80341291 5320
336446597 5871
350816530 1056
219897035 3361
48769013 4165
361612818 6763
366095195 1708
51269832 3468
355591415 6759
165993672 4321
259387775 8077
292338551 3260
320130369 644
199808768 6907
140996580 2619
68355109 2321
56709221 5994
383308691 6734
158173022 9488
108394764 6243
181321266 6910
235155838 6105
109425629 7095
266074332 6876
261413187 7430
146254572 8565
247424602 1028
279421716 1190
268049685 6412
246886257 3976
301035324 7062
284818018 2527
65003650 3118
86509867 1879
315352243 5620
344777405 3109
16809788 8963
202102663 5398
191944218 9080
267264560 6269
35332319 4435
192019650 6203
26650504 7386
5598004 997
103442936 7464
149516846 5849
215276675 10
310497969 1966
76394219 806
111869529 2889
34957633 2472
93273993 1750
23728991 3320
177041522 2888
315265571 3341
335209155 6468
324776214 6624
194551444 218
240939209 8858
243559628 5403
86614889 5178
39451305 9154
252363592 437
124696670 8671
39367905 8666
11060850 848
266678943 6457
330977136 8555
265962130 6394
181045233 795
41404564 3555
373158555 5193
63402843 2540
237955757 1275
317968514 5245
257287283 3520
63657904 2344
330035889 3947
70334053 6709
310666566 3912
155893866 6973
307656834 5542
326848898 3994
345869647 7314
28895360 8964
202561914 7433
92240391 405
279023011 4523
307642913 1778
14354367 4158
351506614 1501
322374327 5274
17105144 5883
167141717 6040
32300525 1334
283587768 3875
188858694 54
17658746 890
48926048 9479
103770082 9381
334379177 111
360856204 7189
121106844 9874
47980371 3493
125706008 4918
198734504 2187
153646088 3543
12055251 3850
16741414 524
102105992 6143
359691328 8985
26322316 1940
174025240 8474
220677638 9590
95308226 5943
197083844 4663
223410053 7595
253020938 9958
297581853 4875
370469121 9209
5597661 7903
242297196 7631
225232240 6975
138944003 7603
8692541 9242
294265597 5726
85007654 9912
42896034 7655
113428794 7711
376707492 6881
334822058 389
236591095 128
75507783 6000
353689843 4467
134878246 3489
85183326 607
213246627 5780
31453753 4519
135077609 927
300790681 2327
144056262 8693
267692057 2744
37184848 5863
61554675 578
147337496 6018
336052635 7793
336714785 4336
103047969 4082
57197346 2264
372086629 5533
131298104 7956
81091575 908
42919662 9517
185568208 764
33785652 1775
131251200 3769
2575057 3853
26699189 396
306031863 3083
4347184 3092
310611585 655
186426264 6670
116990213 1078
235351062 8453
376945647 8769
156366266 7913
173457700 3338
239301041 333
122566510 2288
160405478 1602
18890759 1995
115895450 4248
307297356 4571
625705 1863
142371476 3877
242114743 4208
316134857 212
160087406 3853
209233307 2239
259738314 9829
79782819 179
77973112 8413
322543895 4043
262703425 219
318682808 3223
225163165 8876
74113240 7043
231397101 5701
38914315 7885
304507413 1315
39362534 8985
21932139 3494
374896641 5781
218710803 566
200412413 3816
281443963 6242
309490070 8799
38177477 7788
372056901 99
272494588 2765
151105896 7600
192944180 744
202745396 8194
259447610 2661
147307919 9916
41748586 5744
315951975 5735
320391469 3696
125263962 568
31483497 1406
66454087 8284
183838734 9405
202952147 978
221746806 1609
297369743 9806
181285390 7799
258990655 720
40829276 5588
258581508 4109
112366638 3763
260454904 4848
97695689 8440
331290379 4119
379579699 8324
133882349 5228
177038822 8832
251126531 884
170148751 9143
130876524 4183
306082866 2761
34653089 3110
105575327 5833
346338542 783
100677281 7818
237907601 4657
161499285 4812
360443684 684
72216406 6837
202768820 8886
274787459 827
134818517 2168
280275809 6493
129189222 73
297749991 5714
205045916 7469
34536529 6436
79047831 2324
210811661 4654
275742703 9118
345546475 8439
74435249 5315
157683359 7668
190185023 9344
225473945 2937
25072068 343
207514188 3113
276890222 1503
115249757 4599
375896340 5993
88866590 5562
225170821 7668
330819573 3879
183722313 1671
251561613 7868
248616202 91
338326867 1627
277776043 9458
7178490 5785
81706794 3200
38116858 8058
108211896 6978
369333903 3337
244120572 2369
135908257 6984
339985375 592
199843401 8278
75481541 8835
348466607 7470
84466725 3536
320100656 6440
48202966 1730
66709078 882
318393388 2358
140493500 5379
152749695 8549
149382065 6263
111199074 4527
320959173 3849
181338776 5507
124088352 5586
174992828 6
378978572 171
58419396 6701
310706978 4671
327547119 8026
76037411 859
239948087 6490
274318724 1679
133912290 992
340830426 3840
302674200 6162
326700794 6324
48060439 7380
204535799 8714
41715964 5929
210362776 5637
282472534 48
152886410 1942
260742419 8130
212398661 5368
359554338 8012
8799902 3143
38911340 719
39832644 735
185912421 1070
87232904 9168
2763562 8042
29667727 5395
93166784 3508
292179077 7399
22697832 556
365751677 4930
223391423 5511
199549289 6495
307088601 7664
109185455 4652
266087647 1294
317867105 5158
207908083 7312
332271386 4056
165004009 1396
143997727 2793
160330914 7657
142399843 595
279617393 6485
159342673 3145
365242164 7655
85056163 7163
177665851 4599
34812677 2396
117095676 8622
88330366 3992
201124748 4829
61545569 8983
228262189 6925
59428837 9427
198540109 7886
178371990 7849
144273444 8444
344363616 4418
198687515 9116
116402681 3807
254473163 5294
326340572 6912
207239751 1407
158504787 7055
149456136 8746
359590220 3465
1909264 9862
75275750 8241
137385448 1496
11810217 63
252568615 9069
204301236 4044
14650684 9739
361651555 9950
28918252 2413
112290900 9671
19027359 8595
191773983 7855
9762444 3977
29507412 4401
130869666 7678
326928721 6828
183645568 8649
140433979 3840
202221097 604
50554365 4574
55098965 5306
52037745 3711
121359617 6153
186548000 1239
127413450 3498
246425498 1784
11551210 6221
152011018 7545
194753808 7768
226656922 6406
140049669 516
156631256 8994
127841298 3594
342335792 5875
60645090 2837
135304895 9090
155916038 7174
377505550 4271
361601652 7223
210157044 6171
209139859 6329
267822644 5241
243263655 4638
295849870 8555
123930685 4593
227879189 7542
223820025 1594
168146529 5727
262175436 9817
47193819 785
83729477 3234
196772868 3595
120062003 2812
310775352 757
59131573 4818
131582109 757
155173952 3071
296474367 602
12155069 8611
316792368 1638
350338009 558
60146155 2127
146239581 7938
85853261 2386
204987555 7783
200642479 6454
224400701 5765
34363035 8094
349778302 439
293966901 2688
84012866 9687
308303313 3267
306779180 4394
176390045 5057
237537286 3493
267621672 6145
143692004 2355
347231389 4506
273187812 4535
87747163 4673
107854721 8802
89352129 6288
63151450 8577
125953347 2066
130312637 2857
338517143 4154
85991928 1709
354661459 4151
32794343 3095
83020267 6041
336921445 1427
65305295 7693
300214258 994
272537333 6157
76929921 4396
365404372 9648
201160595 524
124723824 6147
348065907 6284
38769258 3439
203528320 4813
267170238 6116
122052923 2937
92345440 9651
101857654 3545
195292915 8296
290462011 111
52981104 3879
197909750 4839
231113380 3771
82723879 6527
94670292 3311
101144990 5153
52290645 8435
152474762 7151
329385101 3922
212145616 1123
104653464 4151
277848792 1824
60983441 6481
209602887 8792
78177661 4868
12134748 2671
139107529 4474
276927311 2992
313798592 2837
189621986 3755
242133860 6429
199944237 5445
154778277 915
318003939 9423
341011851 529
201448000 9509
239142631 2350
168100548 1424
66955474 9359
370897792 3171
220666741 3873
289477594 2971
129683704 6249
74129486 4895
371060221 4564
348053270 7653
283670931 1932
187134504 7518
149259334 4082
350958078 9531
35649954 6009
228949300 5675
295364354 4696
100502856 1787
129055013 4941
337246140 7140
87447057 1460
383157804 782
54744402 9739
160888986 8401
259869749 5759
305974441 4087
327517968 9720
219822551 318
34809413 4842
197603292 5177
224970290 2586
66058370 351
214220914 4493
80147588 6799
163486711 5892
159080930 8757
85037303 4542
29277988 6358
256289251 2267
207057960 2002
199544215 1547
182211500 7547
221109631 5029
164862313 4707
293563200 8687
149926812 6308
333319700 5669
168729011 7579
107548157 7383
259012425 8552
57013995 7358
370004165 8636
151647644 4232
148645862 257
207525752 965
84949271 4425
243344051 6407
165021035 4409
315260931 3083
138930552 3973
215448109 1361
246860013 250
143571941 2554
129969424 5480
2962146 5195
153200503 1570
176160071 6058
77649841 415
365220633 9879
61125554 3035
183003891 6409
320713582 6976
310823133 2412
380145496 8705
363767334 1450
208007000 2265
60899548 1780
295176889 5579
256032471 5474
141989111 8840
117493545 6026
158416858 101
86244110 261
271833987 1849
278827333 7221
214911934 5444
220626259 3651
277837611 5200
185734988 5604
371738537 569
250061990 9982
146835129 2722
144963250 7514
16299403 1817
2233883 9559
323905891 9135
138334360 283
254602483 8205
254462375 9056
51470280 4893
187315818 5581
236765208 6759
199097635 6452
107533448 2401
35599923 4161
22428244 5792
170948009 7762
223105689 396
95080966 7013
323658633 1924
230728141 3928
137335046 5642
361066613 527
327791893 7260
163789965 6356
292049316 2403
180529950 4162
7634679 2659
106544972 5713
5772047 9953
236804866 3808
73574753 8292
44510458 8239
376524113 867
355953784 4127
21630984 1283
242348202 3374
30883580 7655
43159936 8386
130577095 310
10891342 4912
233842667 6011
288426991 6288
130248899 6461
92189065 9231
324182383 877
344258729 7960
190821554 787
325983148 9612
43417395 2861
53730506 4230
226759857 4189
226565211 3543
13838688 5176
240505597 763
16077864 5266
346389297 6295
36839079 4671
208084104 9575
260322296 2243
254609325 1619
166702082 9562
360822191 1573
58355436 8864
246228825 9047
365408786 2039
60928047 4021
125133190 2779
128053908 5646
158568190 2879
70581254 2601
352099035 6957
293029212 6381
299765157 5121
226794019 5427
284401846 8666
183067348 6013
167489169 3699
176960933 5048
265983205 1367
134357357 8133
217669353 6514
67179204 6450
315922318 1027
338685633 5330
343778953 7041
284809157 4489
100923535 2353
235607616 7934
96888810 1762
195406132 1643
215049525 763
23623198 1582
73630211 7942
171803793 8124
272174465 6313
263020271 4480
370987089 8126
32035265 1910
267137628 7290
267619407 5486
39441193 1173
76601269 2095
306540552 1842
241820113 9147
243794955 8739
181112977 5758
58062190 2214
59365476 196
336030914 8843
148708294 7998
244757897 8023
165541546 8206
204516957 9831
381480590 1239
333679774 4739
151882915 6464
30927630 3546
262536995 3762
138507826 805
323768973 3639
368456434 7163
46280304 459
292369728 1038
298694395 5438
224803462 1075
113561336 5408
188654070 9960
4965022 7968
193187130 9488
248818815 72
246729080 3341
306133059 1173
181492983 2179
165482259 2330
225604362 8661
43061462 1791
13702941 1526
39518244 2689
38830056 2559
371990297 6134
244906837 3586
115615780 1482
234962085 2384
44601879 551
17897902 4721
188343057 9624
195773844 133
315607245 2899
375933173 7272
373730332 8239
272812248 6835
162651371 7958
180129921 4044
225446785 4241
269356828 333
335306960 5441
86303295 7331
89578708 3073
12486236 7569
140553463 2073
347837117 9816
253456289 3485
309719068 3147
304205476 9682
24265022 9514
53672934 577
192120463 816
351723918 4025
295892820 4814
148293547 7153
295599406 3600
229170194 7554
94772651 2571
330120136 6049
11335812 2968
217877587 5475
357250394 7571
382510592 1827
104264092 2830
61757822 8263
235108505 2766
280132848 3394
294529828 1341
308589261 5612
230793926 4344
256622321 6302
326939359 621
87728847 5222
269864227 8215
136161064 4678
335013287 3997
193340453 7421
226145754 9525
99917677 1610
318816974 7064
306326804 5655
297680526 6641
190882245 2832
349812521 9782
58275594 6061
295245674 3332
322573009 7061
288134185 7851
242920905 3797
189645092 3330
249268779 3580
311022330 7457
85964071 4075
66650565 8642
68247746 3920
36485035 6442
21172380 8432
17910416 3020
136694549 945
181043248 1829
224828388 9779
170412656 3035
379631234 7626
271133374 5719
91163482 8372
356568612 6861
264127647 5014
68112287 7812
279115949 946
147557772 1870
3553781 4398
272283274 1901
89255578 1798
85552308 8587
275000393 1981
321862584 9466
254225981 8592
276999640 5859
309557021 1774
33800482 8954
101732457 2111
299691609 509
291206883 7227
304482776 5682
138503483 9951
55376702 6466
374587875 6714
119770360 5666
60320 1460
152310034 6238
339528051 8748
14278697 7580
229389551 5329
80541268 4175
309665120 7208
93809083 4258
106330518 1531
290310584 1878
283339989 7086
358412847 8036
124601149 8557
325421467 4739
279116066 4583
45351156 7893
382955029 7545
342893291 2210
158831294 280
182993603 8509
72929208 5866
42024005 3138
2267900 5611
319092136 2293
114904054 1507
324335684 9614
86631247 9996
40305154 4503
286161218 8028
317503719 4344
248824468 4165
253036567 4652
109904165 9526
128816092 3240
249853248 7566
87476946 9889
49420789 417
259545532 9294
300780454 9760
189854293 427
377801864 9097
242099563 9208
358662062 9016
259579435 9846
321450384 3528
286129703 4485
203861756 8053
359956861 6256
337743725 9170
52239942 5384
316253225 4800
328217990 2428
303953156 9134
231223019 3344
230711543 5435
93717961 9406
91795391 6776
127623128 486
375597532 9374
29868208 8209
35150912 53
42044510 2317
328367179 1169
276442536 6288
91913017 9395
128806423 67
197129562 1352
232746872 6117
227544261 4175
216106622 6071
169224062 7215
73782405 5134
354442559 4796
56657277 8480
339491678 7229
257530416 1481
103799650 3985
67721208 9626
174798532 2580
113376142 9380
245805574 2594
197937132 7645
132924746 9218
242670215 5563
11754156 3233
110761498 9791
318728523 9952
320090935 2409
267078164 1647
126616612 2326
100848583 5177
248985042 712
200086854 1108
20951151 6167
234145942 9070
351306916 3074
248109521 131
76756545 2535
379390289 9107
234622171 4789
332462223 8874
265517362 5773
240551951 334
69229340 8704
59320162 294
330961406 676
126134121 849
23041076 249
292115649 911
170004656 3391
22689987 73
157408759 1816
337445981 7135
255027123 2281
102382252 6774
206402496 8802
353195070 3062
98369320 4599
325799823 9306
355924147 6542
167944621 2974
136945053 6630
187419929 2900
68810460 5456
81460651 8485
156417145 8919
197062486 8877
161651707 4839
317606591 2309
276791566 2572
83637632 1349
83858293 424
292823493 1011
925436822 1000
158311820 8567
255187046 7939
569493694 5626
680706730 596
287093690 5578
472432208 2005
784758878 4822
699206398 5976
855506835 6080
444511325 3918
841290717 4990
669351712 184
218355851 8719
420130846 1555
314611562 5611
539992384 1161
392003651 231
865817818 2145
720894843 7933
872763201 2230
573948586 4688
198733774 1067
764769563 7133
797375203 5355
31775251 5763
674347115 2276
8331867 9177
764580416 4353
243430779 5823
22384560 2876
473107375 6342
494057858 2386
742234610 9683
622009812 8216
559935340 6675
43785432 226
440691234 8675
251760304 4240
398558978 5072
340128891 4161
696135625 2565
181832428 9612
391059646 7672
839111174 1531
216980330 1393
294855779 7215
366358831 6267
378835709 1974
850133306 5352
86989479 8105
729456992 9723
487589921 4094
256866146 2962
751858326 8901
419313508 4542
751192641 497
883858732 6191
178187522 8017
602453068 5169
482500723 7600
891707647 871
594802180 3990
498191105 397
269162818 4877
729738224 3599
516207881 8339
561294387 9328
102869104 3309
245403694 3390
281093251 1165
453745469 2362
115038588 2165
75018156 9258
6055675 4611
252897734 8619
299066642 4333
54145204 7385
600061822 8942
323609637 4109
464770351 56
103585151 8880
11778478 5434
304077275 2699
260028681 7696
914477978 1998
304929581 8227
200558796 652
210802860 7763
243433364 6544
326215115 3929
86566911 3065
218256617 8405
662033329 8244
774029481 6111
229952685 5526
310891353 4197
406668175 6315
79409596 2618
564550237 1720
751259653 6497
272353653 1705
738706758 7796
88587371 5392
758752832 6340
3476570 4502
17271833 4509
828544378 3682
853417638 1357
154529896 6335
795441877 1819
508322133 9096
411246966 8710
103165979 8793
607426043 2018
335908690 7568
869157374 2338
87610725 480
386598865 2991
443882810 1581
456001558 3427
268790192 5590
775093806 4422
109515159 4249
118933873 2810
436253875 7552
818100255 8851
397664031 6284
805269816 8125
474672137 5143
823312354 4902
337084125 7787
585068134 9240
628240619 7888
919731518 942
281242044 3787
555443641 3156
777318163 3013
83608980 286
837115138 807
299250994 9771
829607516 3951
598841873 3680
133093944 3506
441769644 4771
143257519 7447
176500738 6854
336818210 8400
217574876 1145
510767644 2359
87315284 6678
192860640 3004
780634784 3638
587265120 5539
587496900 1825
209006377 3416
825826719 8307
281944041 5752
440200505 449
789339043 3770
279913920 4982
715272798 1827
160566285 4076
283208234 1761
600176169 5177
316334303 9071
493352745 6046
549456023 210
55791137 4200
387414196 9817
669681670 7228
915197803 2707
556616316 9072
485063881 3276
657138382 3603
308575777 2190
530349294 7307
106155011 1615
725574206 5724
293191117 7674
443463505 7436
431028380 6249
296357967 2107
798318105 9765
613385992 7302
473934947 1440
516169356 6404
219363457 3018
705802138 6186
2774746 5135
517527872 4450
802136111 7404
767670093 6471
235367868 6125
274548984 8621
360128666 145
239891172 6816
916473946 983
160309670 2183
410877596 9481
706629060 9879
411277355 9203
211299121 824
602736279 7227
758315532 4527
868421606 3746
28441613 2030
783959121 4677
811132663 1589
56142733 6622
622545452 349
565493185 588
381376101 915
701117413 6565
795971869 3488
401402745 3722
102387275 8329
324753195 5737
119929372 8480
376695898 5466
390165608 1466
134202846 2423
320680656 6462
600097115 6181
857500025 1399
553864426 3226
183413147 6245
820674670 8401
645881687 4201
271825015 4876
778575076 2281
488487708 9341
190071743 8202
172550439 2146
804132885 5116
296255253 3419
232267744 9149
482613395 7018
260570917 1745
479309087 7293
715793244 4128
168550084 4785
524894428 9914
492582901 1342
838391627 6946
597572256 4938
66766839 8015
16408660 5067
253095761 7594
243153775 2146
905785966 4132
659997662 7965
361259800 1540
601219540 2293
93927514 9008
755883598 4404
400027186 2726
150288196 962
738039343 9231
612814777 668
434127448 9138
630940851 2697
778514918 6221
752703449 8000
622916106 6119
72061177 9290
885185592 8055
698664564 9872
746068437 3739
193185219 9475
823482397 1500
222336881 3610
870385055 7644
94474046 1550
407905399 9582
20435167 4746
394287954 243
182129995 8958
782829323 3749
139922779 8272
866781848 7033
346175717 4901
904704514 8656
189599355 777
658278320 4781
831056307 4834
699203660 6581
389573877 6928
173388077 9348
419593533 41
534233674 598
393146860 2307
305752562 6507
585553043 4932
586343830 3528
688625723 5874
71777639 7752
702070874 5788
738679665 8529
832169777 1085
2973549 5404
156702590 2574
749563843 5748
776403900 9236
189214566 4758
907792806 1507
913804045 4686
758299720 9910
533758167 1530
272758572 7115
679963589 8460
186075146 1967
609967799 3345
228381068 6532
164956815 4300
806455464 4545
109430932 9023
368446139 376
163161184 762
719463024 3833
349587146 4861
680654407 107
71036541 3819
910448058 3140
681164104 1519
369418672 5777
695222645 9244
505712135 3871
912103807 6931
717390715 5979
299730327 6916
830910782 3444
270869361 188
192056717 8849
738656946 5775
739118270 7333
456289819 6935
879931887 3087
579178292 1000
270671741 7520
356806495 8342
409950369 8443
923700297 8849
164604121 6333
759844103 7261
282152051 7667
276637036 8937
96823704 545
28825787 5453
57652998 5889
522727218 9133
673116426 8185
690349133 2100
155341881 3422
702239117 7721
414843222 2944
788009988 3757
658043685 2322
645593675 2598
799778034 9359
335240422 2548
617760222 8539
699228350 8337
207501397 4286
25833510 5358
527656324 4538
444212479 5635
872573909 9115
16657320 4697
731659504 1224
531009053 6391
873986811 830
816884166 6800
343433900 7833
85119017 93
735625619 6927
818892241 8464
789426471 4465
815072776 5356
889844351 3182
830555772 7899
642612491 9251
837840475 2648
647519953 3642
447522366 8848
209902530 37
703001465 6710
67451170 5684
912085364 7875
585411761 5297
806831228 9436
830892967 2020
25833569 7109
157249303 7868
381776050 7907
186346920 3354
549041706 31
686247156 7346
44404135 1932
812957371 37
863525082 6008
824332147 694
741854482 8571
143456987 6163
759062929 5777
222512726 5283
633132093 7962
214786393 4094
863683531 2901
379117194 3843
697011095 7054
643366907 5540
32692690 3892
906789390 2833
179045040 157
539227799 527
605103510 9952
538514689 2094
876248389 766
180350928 2701
811581102 1508
301000408 4072
359167034 6897
559633323 3162
375965198 4245
635660939 3030
274220156 1903
421488261 3820
11634626 3918
220561685 4863
882493355 9643
212857778 8069
731351568 4665
482845024 1469
151646072 9053
381725242 9569
46507136 6648
443801751 3626
807081766 434
61181379 2814
535428798 5490
438856041 4720
759474899 2524
682412775 2293
159656872 5942
378723709 5996
890400335 7494
327705058 4258
410682543 6461
904431235 74
264644668 5883
866721649 6804
264536116 738
695116341 3691
39693558 5368
119372136 5601
791299343 7028
662968782 473
908932496 4057
5043636 970
595707517 2492
165851102 8746
294579424 3684
127191029 480
75901020 5635
790668261 7669
271073507 3684
207502578 3968
263778885 2357
478160417 2195
678997704 8975
386091515 4388
642686217 9941
60038699 9569
407252724 5828
327173820 2888
90257034 4854
445143854 9055
265716710 2059
488661041 6254
670768643 7611
99603873 4153
668092849 5169
388463784 7295
843481372 8277
142302956 8646
712282891 5154
877146876 5352
309584862 2967
606086798 5551
420561426 1889
78367338 7652
778836716 6420
588662540 4082
249822266 8052
469128761 687
490570747 8601
456529416 6666
122588934 572
667217415 7518
897498054 3792
425107550 4074
324021284 3344
705034350 9906
437028610 2917
312207552 8233
516602128 3537
57510060 9050
897212305 9269
441050387 1397
865062254 4554
631054861 3594
860346427 4230
357949100 2026
479838257 6862
56602452 1841
24482161 2902
857662164 5998
786771652 1177
367957379 8171
146548906 7798
593844834 625
189172576 5159
839674985 1104
258713446 8193
673349742 1331
2991403 2114
799984921 9984
392144350 3810
680428834 6338
627924160 4067
49278935 4695
113842114 1912
628270353 5275
29266025 5499
16417001 7747
908463353 7291
270762119 1074
335879902 3792
131302167 7482
782431977 3262
722417289 8393
581052435 1541
407531055 4503
183897815 6156
18950027 4667
273642315 1464
55266078 8608
123075430 6461
275628234 4112
127438711 5815
642494670 4776
633990174 5278
59733199 8654
253995599 269
112083896 4942
52275737 5769
295589789 3436
310469222 5728
138460738 6950
264623978 1052
614236257 3347
870174322 8334
485352619 8489
853974144 5996
31473147 7039
760622497 2934
730324647 6705
337131521 4623
754829559 5858
600921674 3407
672170007 9067
711911344 5989
2865752 6398
7460248 3417
460182795 9775
603578464 7722
14473436 9823
701172595 7343
392200017 6511
336403847 1734
255504029 9996
617016043 249
491140666 8678
502303007 1804
594342238 2478
522172327 7215
466379485 3614
536802993 6998
150303631 7116
128159407 5424
724244675 4310
591271672 1873
773680677 7664
503112547 4305
866205745 8874
641956467 6735
491723723 4509
547447601 6058
831226534 1756
452711299 5249
149011668 5174
768282190 7306
205245255 5397
561929399 3887
522683916 6859
480573528 3496
349027009 7699
631612280 305
646625415 799
823099942 4336
565304070 11
647327647 5805
895466973 2399
270017076 9507
40502418 7446
465563874 7248
497732624 735
807880189 5988
510765731 8959
794635952 6981
206524791 4363
210745182 2614
559786475 2425
78906135 9520
607575571 1134
676752480 6122
898740049 9129
494700062 3447
606569769 1149
61294695 7719
660391889 2576
391186686 6145
128553040 435
300100625 1724
77451527 7741
914229904 4873
483416117 1493
767398380 5213
495685471 8391
869940401 1803
85102827 6190
886965772 3122
589088967 4805
504136762 213
578411256 9281
742979135 2773
754856342 6099
876398383 378
530588823 3041
774870498 9915
285387881 2928
653840868 370
24801571 5302
775870012 9625
250023295 2830
303661419 9530
317670460 3769
80431973 1194
368246821 832
173769081 7055
291056098 1006
673442119 4133
515458247 5228
744661594 8607
423221470 4266
843203607 4093
43053883 784
570096435 9612
267584199 9119
484984634 8223
671291613 9440
433842117 9033
223641891 6529
829867220 4026
297180353 14
904208783 2780
872669529 687
42424462 3732
443286455 3701
853761559 5645
803039462 6416
545169578 6308
381594606 9412
854370265 4596
750551155 2406
805782786 2933
357870952 4931
217913548 8246
753660899 9296
924000769 9357
551528015 1429
318898230 6490
775247260 2947
537501304 3236
359525141 9925
496882350 6300
661867097 9232
695034808 6732
501591881 6835
425211390 8438
335478512 7525
532591055 5047
240282798 7365
545385744 2117
476365706 1274
802802753 5073
50996855 4147
628981784 3261
223408695 6646
860620091 9620
288712965 6514
860317908 6781
64416390 4512
386524236 7767
46950937 8372
238499598 2387
392406956 3411
761852385 981
790394750 6891
279578130 4452
80613203 7485
309929337 6295
509029203 9065
360966498 1300
320758060 6876
566401282 6529
102124939 5107
837452065 6855
436972894 5937
227747834 5376
434548398 1553
874849046 9861
442696848 674
357463615 181
520231874 8991
319152933 1687
761079395 2258
495189039 5416
732380499 1350
539488860 9710
189939055 1168
912050711 3431
431845554 9633
226211421 9755
109545497 5761
494658950 8920
627641437 2664
440097435 8713
420381943 2208
219528665 6381
818707684 5976
112236307 8444
28263673 2703
889129165 9839
677374988 254
455653380 7605
881820932 1284
789051681 2037
448017981 546
462845067 7286
885482365 9100
457777958 4682
513958705 2898
577578062 2846
308206059 8778
857890231 6738
360568887 109
864905163 7273
812273632 8011
247703738 5951
503843301 5929
544684769 3293
520354480 7684
559483214 3192
9624726 7664
180154693 6651
367306961 2216
90150432 2658
265532360 7659
459834933 2699
640659367 9114
54886351 7339
480469400 3096
893342546 1151
523187282 5462
834987668 3214
373409546 8901
730246638 652
123835339 6503
625551616 6122
702681855 5554
115396052 9125
94022555 9006
545207137 9106
920269134 4038
663150137 646
891598942 4986
598036855 214
566632034 7869
545428477 4759
406446884 7687
770446683 3153
220321037 9271
780512608 4904
850559449 1176
161893554 8349
549894053 8535
602164744 7334
474001889 7864
363763322 8584
281374898 3984
628282839 8506
278405638 8798
878850372 839
110995892 4809
380971101 437
758973923 8518
471129649 6719
21263125 3121
47419755 9865
655317826 4664
777381110 7184
161901206 3349
697571516 5697
345253775 2480
431860861 3920
762090735 7694
217442760 7482
533818104 9117
733672725 3839
34968486 1196
75099958 4295
922156 6367
180231068 1807
382150574 393
388491588 699
95692421 7195
354581677 5996
506221560 5833
808297359 9915
56407794 9362
544760139 7898
571394870 2453
401410306 5572
264914665 821
593584594 9986
526353056 5117
898650996 9633
842103344 1302
732357918 8379
65650639 9026
526313064 3661
793940824 4883
568386430 9574
743239909 9586
517150471 9309
568772203 7256
138673748 707
848729071 8073
648570666 8569
637519449 3392
370047228 3158
550629642 14
366333648 7774
357565742 1066
60889926 5230
332682639 3551
216193485 4017
318917832 5918
181379885 1832
864224892 3733
384512767 2201
762349572 7611
33432803 4698
460370540 3609
652481803 7872
328779228 8320
293488844 2058
308215647 8259
59448035 436
346869415 7929
814681391 2396
529819102 9908
170668165 2122
461851042 1719
264660386 8663
275119121 733
252503029 7227
58842781 7021
540677653 7489
285796678 6472
321927333 4097
762844881 3019
615552443 5288
34925104 6159
846477434 7075
383869043 5106
63687686 6023
339701808 7016
283980422 4516
265596050 5915
201671632 9868
774138741 9139
385072646 8729
660003959 9778
352243662 772
433180592 9268
919743010 6157
191701436 2990
389807386 3267
515164821 2208
651128338 7113
414688918 1786
316250042 6479
22311158 5759
454490324 4529
219693660 9422
887021875 4248
563853484 8137
152916910 897
578869054 4243
622437526 889
108954683 2113
417592900 8044
637356391 8828
505245312 451
594831503 5635
14534237 2522
458580719 1533
223447266 2496
704102764 7172
822292930 727
182677248 7892
910189060 7835
308281989 5007
706579598 1650
219782496 4581
89662970 8613
400011442 3769
41670975 374
424990825 3122
85784665 4884
387289631 9939
291562598 3012
539290434 7798
386576784 4455
676989409 4717
439174631 193
14515692 6437
302307011 6530
884551418 9174
584528540 8639
185471813 9167
582234175 7882
501891189 7853
8989720 2198
813565767 1004
61262887 8822
781709491 5031
578475009 340
199212272 81
315513002 291
160608409 5348
560943717 8496
923144956 7937
189223718 7784
331624514 8298
830612129 7386
916548998 927
787825102 8153
482361380 9029
229928034 3154
882335241 1682
822742923 3732
384175521 6898
598536919 7869
760122772 5557
330578768 4121
165002136 1110
892629028 3768
357980933 457
824522258 549
817925111 8577
451840784 9996
348924923 873
317054832 1883
457024307 5863
767964272 2296
145426928 3103
625974309 2764
20614756 1914
121705062 8651
617739054 524
106571748 8550
820917586 2029
209707874 1324
539460101 8131
721546472 4514
90066263 1707
486016049 807
601072547 100
62228470 8988
126123501 8319
109145041 6155
258640125 1756
9178096 8012
285401390 6005
452028834 6925
222362020 1181
21135964 295
266954276 3110
66291371 2573
573617565 1689
240879251 1357
395585048 6539
188256352 947
129731671 4339
8167458 4959
252779325 3176
479946388 119
45958545 508
365063958 2031
406737030 3068
429922511 423
536889981 5942
111221552 2778
26235786 916
474561122 3746
136478080 5305
185782674 6376
424542945 5568
585198540 1522
426732986 5364
55612360 9136
37657820 6504
24278359 1874
353852403 8768
487644728 2496
361489650 6255
556862848 3809
188694040 4260
513210182 3454
309607208 3832
495485225 9692
335726750 85
463219518 887
104137982 8382
446282747 132
452295861 4729
343743369 224
74564218 4960
302622307 4598
566487478 601
435238800 315
328270110 2591
457392487 2499
1369762 9448
392565 3972
125325130 4941
113954345 7446
201908928 1600
569550528 1944
205841195 928
520688407 1959
73210399 5102
451985897 3589
119546070 9054
566926529 9604
547996822 6376
351491369 8177
310196705 9570
5917339 4184
293574756 1876
526270992 157
238474652 6873
527382952 7131
21373007 2749
70959513 9715
161355263 6029
18964643 9511
86781214 2050
541886366 6547
5285169 751
241530916 7577
265971663 2841
573967329 5271
9051686 5350
148921587 6585
74526665 946
397823642 2802
3624834 6747
574372349 5915
169554076 7548
160313965 4820
540922526 4263
383373482 6395
5728540 4694
402451047 3060
211835505 4974
8728989 832
466380001 2617
963685476 37
219837638 3437
86843439 6476
164402230 1137
269707909 8360
10677219 2264
637500709 6942
624966232 5508
943655686 8044
218549219 4009
260927170 9704
204467241 1062
182939060 6157
282329557 5665
439966861 321
59532162 7253
640085761 8622
88327558 5697
364651171 6407
472737043 7952
400228175 4207
434208262 7830
407310619 8521
192349069 6842
221467533 2925
898694556 6366
85966953 6724
928295511 9544
787981117 683
677572957 2775
296011314 4852
9947476 7514
486205771 370
949339131 9534
729484693 4369
235741569 9315
456691043 5565
165526936 8245
924234833 18
156830362 5042
770206518 7304
6520917 3609
2962257 5742
316591838 5863
593934784 9188
800945267 1549
402374000 4294
239427448 7810
844610962 2978
497788204 4269
125473468 9765
572125686 3281
878795951 6731
267401219 2866
338770681 4046
209164351 878
396367557 8516
617417798 2
250623892 347
520598090 3830
130262017 39
22153017 3752
4789207 6118
84029494 5090
62277085 8903
78598914 7892
86418753 3197
75964212 4540
15479497 2648
124248451 1998
21050310 3273
95541129 1951
80443507 9768
79110222 7605
69076907 438
116360636 4915
106134330 3032
12142955 5527
113804363 2969
30956153 9081
112833081 5139
50457502 7254
121903856 5245
31516560 7672
63820693 4783
66324891 4586
96219422 2151
87294246 5175
4811016 2290
105471057 3213
7943323 664
15264497 8713
45424956 908
69887389 2611
83387712 3629
75117718 7808
122331779 364
57717924 6906
65198415 9946
20797999 8699
200000 100
4674 9
4452 2
1511 2
5565 10
1619 6
5779 8
5345 6
2880 8
1145 5
9082 5
8247 8
7333 10
8479 7
972 5
1740 10
3056 8
2078 3
4220 2
4146 6
9434 6
4816 10
5006 8
2381 7
7474 9
1892 5
9801 1
3828 3
2673 5
9091 2
6081 2
4167 7
3462 2
9344 5
6987 3
5767 6
5487 9
5688 6
4638 9
1301 4
5789 7
9109 8
403 6
4937 3
5370 9
8018 6
4214 4
1347 2
4607 5
8709 3
3424 8
5742 9
8688 4
7565 4
4148 9
9252 8
5735 10
2314 6
3453 2
6117 8
9392 7
186 4
7447 2
7 8
2859 8
9089 2
527 2
8782 6
2219 2
7197 3
3305 4
5951 3
536 5
5000 9
690 4
1562 4
1738 10
8623 7
9800 3
378 10
1317 9
9283 8
893 8
4292 5
3872 2
7242 10
7279 3
309 9
6408 6
6295 3
9362 7
2547 7
9769 7
8965 7
4706 6
8935 9
4155 10
7794 2
9669 4
3859 9
6356 9
200000 100
5329 2
4790 8
3642 9
6426 7
6054 10
1838 5
3390 4
2737 7
975 10
3960 3
9595 8
7600 10
2341 9
3041 4
3367 6
9086 4
7364 2
2521 7
6157 2
5301 10
2782 10
5154 4
6098 2
8450 4
8831 5
5774 8
57 3
9365 4
1662 8
7150 5
706 3
1756 4
5673 9
788 2
9695 7
163 6
4779 7
5894 6
3165 4
3967 6
2724 5
4851 6
3913 10
9228 8
5043 5
6560 6
8835 8
9860 6
148 6
231 5
979 10
736 6
3777 2
8867 7
5105 3
1637 9
6055 9
3163 3
1893 6
374 3
9330 10
3590 2
7223 3
4541 8
8587 7
1461 8
7610 5
7356 9
9636 4
4835 8
2515 10
226 5
9806 3
5000 3
4416 2
4391 3
5741 6
6626 4
3950 5
33 10
8604 10
9949 1
4424 7
7491 7
4815 5
7651 10
1946 8
1483 10
9481 9
266 2
6244 10
9832 5
9948 7
4080 7
159 10
434 5
6066 5
1812 3
3320 7
3645 7
1000000000 100
78 24
54 48
62 40
59 43
9 93
47 55
91 11
23 79
41 61
2 100
3 99
68 34
16 86
18 84
17 85
29 73
93 9
97 5
80 22
50 52
53 49
20 82
72 30
79 23
24 78
7 95
88 14
94 8
22 80
85 17
63 39
82 20
39 63
61 41
49 53
60 42
21 81
56 46
84 18
67 35
45 57
11 91
1 101
96 6
86 16
30 72
40 62
46 56
28 74
36 66
95 7
58 44
44 58
12 90
35 67
33 69
52 50
100 2
69 33
87 15
4 98
65 37
73 29
34 68
6 96
43 59
71 31
51 51
77 25
25 77
81 21
74 28
48 54
14 88
27 75
26 76
19 83
57 45
99 3
8 94
98 4
37 65
64 38
83 19
13 89
92 10
66 36
32 70
10 92
42 60
15 87
70 32
76 26
38 64
75 27
31 71
89 13
90 12
5 97
55 47
631494647 1
164387160 7401
993531337 6
713539516 3422
69282763 428
738811646 6794
704228428 4738
794321567 7100
522954891 5388
302300969 5
179427835 1897
298157659 5604
115479593 55
299151477 5121
16237525 326
383012973 1
352503882 2743
1000000000 100
999999983 17
999999971 29
999999938 62
999999953 47
999999979 21
999999948 52
999999932 68
999999951 49
999999956 44
999999977 23
999999939 61
999999989 11
999999915 85
999999931 69
999999929 71
999999921 79
999999940 60
999999935 65
999999996 4
999999943 57
999999997 3
999999972 28
999999993 7
999999912 88
999999925 75
999999994 6
999999986 14
999999902 98
999999984 16
999999937 63
999999914 86
999999908 92
999999923 77
999999907 93
999999936 64
999999980 20
999999911 89
999999985 15
999999950 50
999999928 72
999999987 13
999999975 25
999999954 46
999999944 56
999999947 53
999999952 48
999999906 94
999999904 96
999999930 70
999999934 66
999999960 40
999999988 12
999999963 37
999999926 74
999999976 24
999999916 84
999999917 83
999999958 42
999999955 45
999999966 34
999999949 51
999999942 58
999999973 27
999999965 35
999999927 73
999999941 59
999999909 91
999999913 87
999999968 32
999999981 19
999999922 78
999999964 36
999999918 82
999999946 54
999999933 67
999999900 100
999999899 101
999999970 30
999999982 18
999999961 39
999999924 76
999999962 38
999999991 9
999999901 99
999999969 31
999999992 8
999999919 81
999999990 10
999999957 43
999999959 41
999999967 33
999999978 22
999999945 55
999999998 2
999999910 90
999999903 97
999999920 80
999999974 26
999999905 95
999999995 5
200000 100
8288 6
8108 4
5727 2
1974 3
8205 3
5049 5
7954 3
3671 10
7665 5
8385 6
9121 4
144 2
8802 10
8976 2
2201 7
9450 4
9471 2
1707 5
4881 4
5 2
4384 8
8318 5
5982 5
5272 5
1770 4
7554 7
3810 9
2477 10
6402 5
6654 5
5000 7
9160 5
6092 8
1201 7
6512 2
3880 7
3203 5
6507 9
3653 10
6778 10
8638 3
6466 2
9335 2
6833 10
8353 8
881 7
3160 4
7539 4
3656 6
3825 9
9982 1
8263 10
4056 6
1378 4
7401 6
5619 8
1035 8
4094 9
5256 6
2868 10
6830 8
1553 6
8594 5
842 3
8298 7
3966 3
1248 6
2555 10
5930 9
9337 8
1677 3
1874 8
9446 3
9981 2
9401 9
1564 2
1942 3
3204 4
5847 9
3491 6
6095 8
1001 10
5868 7
2032 9
8359 7
5275 8
3142 5
8958 5
6972 5
1870 6
2912 6
2733 10
558 9
1459 7
5197 6
8397 3
808 6
4591 5
3429 9
2345 9
405046151 24
59073717 9172
400093945 5913
265370658 8115
259343442 7258
25548083 9909
82197643 8666
72351132 5910
54340362 5587
94208723 7586
125786259 2879
362908269 8051
199467348 6434
11623558 7826
141542821 8607
333674859 1429
142201492 2474
263827229 5537
114988909 1276
59953871 3788
230776119 6241
180784517 5976
292992882 8022
318555367 7754
188483984 1442
860970555 100
495492747 5077
704239841 5235
679096336 1512
428627066 2635
462452727 4157
750181532 657
100507945 8135
518607937 7285
344052519 9521
607119348 812
506828782 2755
73052707 7903
716951018 1613
18412636 7883
313622021 8264
428266014 9052
718796741 3910
274020058 6791
160012207 1072
56736448 818
581049223 1092
151211506 4510
716448092 4876
53145019 5597
362099664 8706
446916962 5878
342812373 5835
603911773 8069
292737263 4205
453429114 67
328700544 5138
814507248 5609
199117410 286
328778957 4767
283163598 2336
641789780 200
149602048 2850
691495996 2784
477421398 7309
690200128 3249
72090132 7665
74660200 9850
315787873 7485
510408667 6728
579240314 6973
210232717 5580
29500319 1251
745463609 7638
773384199 5213
279542711 9116
141941056 9943
185366675 3752
262613962 5058
445620322 834
280177839 4767
301528086 1176
423904498 2170
308294288 2320
740099920 3186
172295916 8352
339964345 517
647454654 5842
357428225 8437
573420826 2142
280803625 906
705411204 7428
16870051 9779
694446807 2177
450269046 2307
843258775 5344
360430036 6433
803233892 5115
787544141 3105
282861793 5117
218967843 9103
138198383 8967
850184058 4236
74775022 4456
538904275 2296
433384226 5864
470278860 4831
670420426 2691
212852844 6899
416215798 796
340888381 3581
291199251 1917
853518425 8715
798909369 7330
55848458 7296
675899260 9373
772916896 270
61595046 7553
579537847 4744
638351887 6636
373892832 710
819554914 7412
293567917 5389
664995712 6448
413265538 6167
36553008 8992
310809547 29
208784714 7751
171679846 1648
180159497 5026
301180293 8605
56688206 7807
119717588 9528
238078289 3890
56962949 2985
78679899 9273
112245655 1021
187446926 4122
149185425 1490
260180783 9131
218403566 2636
184194231 2038
107898425 8280
766902 9130
207076372 8288
56646285 5098
49738160 90
81163407 5818
30833259 2822
38255945 7762
110845259 4074
185685169 3161
187138697 6011
85840374 2337
97969121 5467
74760872 1857
598773535 100
489808858 7173
151332230 4483
258925381 7113
168274785 4778
589085227 3502
23215652 4621
33636512 9001
473567716 3546
117138972 4469
447584924 9581
120357148 210
437655949 6165
170038460 2302
248296219 1148
372881509 1472
411375257 2108
117511236 4890
406723717 5355
441944607 9
332686819 7550
227349633 4444
440357652 9116
424753206 477
361141873 4512
388803688 9607
297091468 8444
464326935 2677
458631145 2243
572919994 2717
347120079 8267
521710850 3748
86567587 8696
494958141 6229
302701313 2544
82292370 2545
426884789 8774
94932266 7595
121067721 8913
42832697 6548
128304189 4918
2042567 5009
411541211 4510
114265950 577
376677387 551
588680688 8232
351062081 7046
487404446 5350
514669896 4124
395764551 3110
150490285 3787
285249749 8373
206772875 3427
141469865 580
155335663 3131
235151201 3136
130066454 4948
221871003 644
362345499 2904
53293956 2147
68745101 345
370609365 3067
285885833 7927
163355464 792
307320126 652
441766170 6057
532861479 5045
476138211 232
111509724 4919
444968755 2601
356809568 2572
431457223 4588
5933109 9514
112445591 6879
23202019 6128
386960918 5841
254976845 3234
415352191 8834
449567044 6558
229303919 1121
463146094 9147
592885118 7763
334708763 6582
90577851 9947
217209941 1895
378826857 2234
232886417 5268
46280745 7359
511980345 1280
495653150 9360
101233179 7654
16337274 7996
127461620 2694
352129168 229
423682596 2034
326432189 9966
411078830 3949
512665767 9992
184134815 6574
297932033 9901
83914063 1139
132146239 31
80236336 68
75992905 8517
61375139 3518
57847790 1147
93454484 9089
35842774 3064
75605597 4901
52140412 7179
21082956 7897
66302052 6570
124811740 9114
34282647 6913
89246805 3433
88213740 3044
97862034 4734
123312128 3724
98365830 1760
79705585 5856
118637699 4415
104760948 2993
36113940 1128
100881590 6814
95371366 1472
26874407 7725
77728601 6471
125575164 561
66541303 4556
36563055 5356
8464462 6510
104824254 5405
64775933 1338
180275510 37
10783178 157
24894268 9024
69996150 7472
136648248 4790
66898281 9195
98680520 4509
115989250 3231
151426035 265
100019394 5541
119765 9699
86936231 2483
26876705 4209
95817175 4598
90908159 8330
88702313 4781
108407980 3003
9380427 7223
115430988 8298
104047883 4078
53508723 6809
48603105 1078
96607820 4584
76550816 1534
127741731 9354
68341786 1282
99200053 6389
117538894 1057
129174025 816
23235298 1835
8741745 5216
115948805 8084
160154182 4844
3493456 9410
167656091 18
33938800 1862
31067684 6864
92396672 7602
200000 100
8490 2
9682 9
2598 4
8048 2
9133 2
8840 4
2503 4
524 2
8630 6
1223 7
2622 6
6671 8
5203 2
9778 8
3876 6
260 2
3302 2
3434 6
5058 7
7234 6
91 3
2264 2
7531 9
2115 8
3382 7
4337 3
3119 9
1695 2
9110 8
9626 7
9199 9
1546 4
6932 7
1418 9
8411 9
8902 4
2764 9
5672 3
8331 3
5882 7
6021 10
1767 3
7250 3
4754 6
9930 2
1547 6
7988 2
9576 10
7975 8
5687 2
5697 3
5000 5
1256 10
3951 3
5918 6
7068 9
9183 6
2182 2
6159 5
5682 2
7917 6
7452 5
4612 3
8969 4
5413 10
7968 2
5410 2
5702 3
9818 10
323 6
222 6
6623 2
228 5
9871 4
6560 2
409 9
5091 3
1407 5
9725 9
675 2
3891 4
8076 8
2941 2
8296 5
5900 5
6910 10
7474 7
3984 10
1136 10
2979 2
1455 3
2621 4
4053 5
1536 4
9975 1
4959 3
9974 4
9695 10
8939 10
2419 8
78253781 8
30457188 6135
65788225 397
32539691 6196
719017 2016
26435374 3905
61055448 9040
6708213 7912
38905067 3095
1000000000 100
944000000 1
984000000 1
911000000 1
940000000 1
991000000 1
917000000 1
998000000 1
919000000 1
920000000 1
959000000 1
967000000 1
914000000 1
995000000 1
960000000 1
993000000 1
987000000 1
957000000 1
950000000 1
953000000 1
999000000 1
926000000 1
943000000 1
929000000 1
928000000 1
933000000 1
916000000 1
971000000 1
927000000 1
956000000 1
921000000 1
966000000 1
980000000 1
978000000 1
906000000 1
907000000 1
954000000 1
924000000 1
968000000 1
941000000 1
912000000 1
931000000 1
937000000 1
962000000 1
925000000 1
997000000 1
904000000 1
908000000 1
915000000 1
992000000 1
923000000 1
977000000 1
970000000 1
972000000 1
961000000 1
934000000 1
952000000 1
965000000 1
913000000 1
951000000 1
973000000 1
909000000 1
945000000 1
979000000 1
932000000 1
900000000 1
922000000 1
948000000 1
981000000 1
910000000 1
901000000 1
947000000 1
949000000 1
936000000 1
964000000 1
994000000 1
905000000 1
902000000 1
986000000 1
935000000 1
969000000 1
975000000 1
990000000 1
988000000 1
976000000 1
918000000 1
942000000 1
983000000 1
903000000 1
955000000 1
958000000 1
996000000 1
974000000 1
989000000 1
985000000 1
963000000 1
939000000 1
946000000 1
930000000 1
938000000 1
982000000 1
417978524 61
102919833 5306
312573186 6844
144001953 1999
86013026 9248
74390407 6542
2620429 6958
34817275 5062
399255614 6329
112815952 1677
183881360 4796
169578335 3702
155469609 3922
60233671 4474
77003315 1931
136635399 9170
382664114 2782
205381406 980
81706385 7114
319159374 7726
337802298 1921
240489175 961
297820814 1723
265609065 318
52509428 2371
140010445 5438
290846915 4778
162036246 7797
303487527 2149
98520899 8617
295497038 9639
209677841 1026
56006639 5429
156321609 8837
114650119 2169
196031375 4024
305947870 6123
249639781 1876
102746186 4502
84726626 3570
123325082 3343
137380185 1938
303892598 4066
64096268 298
45214146 7715
159182066 5093
356153560 651
52735752 2623
284837732 1194
221220943 4700
227547826 2542
318461133 2233
162193059 7433
43768827 3481
71591509 6895
318296043 1597
136100418 3756
346516984 108
402517167 9398
224984793 2294
254616346 9510
337094198 8412
1000000000 1
1 10000
193841985 100
137750329 4900
17709571 6135
6101075 4239
87457775 9292
172431045 534
80032988 4898
116618607 7804
148798553 4397
17597759 4810
12636708 1544
46708180 1442
152947976 4403
8526025 4810
55832401 537
158716246 3535
148740097 2200
114566255 8463
84520252 8894
74320956 2740
47681 7102
133133637 7426
89500708 2640
13830335 8546
45415952 6788
42904234 2815
6339646 5637
61780287 2411
81880120 5104
35315025 1047
192093188 2575
3472882 1146
115525119 3146
191810378 7998
23550180 1900
26927386 7679
85000326 6608
51414858 7264
140121049 5002
13459694 2997
97579191 3058
78717214 6920
87272311 4605
110905776 8388
177813132 7803
170155442 4192
119399616 6392
54679420 2614
142364273 8873
150203588 5184
18461154 9273
93543556 7925
34119973 8965
166532034 6106
108655755 8892
62011830 9136
49776599 4556
143812732 4218
184292405 3290
15148694 2309
137854581 5600
4969618 8854
82319512 8153
119845226 441
146021773 3855
136349198 218
79897347 6046
139697737 7848
88554382 1340
140247528 5417
80605101 2789
6170125 9164
47044798 7450
147228262 7539
129596448 2645
166765508 2065
138371068 9525
191539981 6735
19531675 5559
1040955 7767
61873 2873
175108044 9386
150788068 5732
108854335 9294
172439293 5943
82331994 5549
156427149 5029
38065385 3540
81101928 407
186091776 6083
6859666 5922
34182302 395
172078015 7065
27242366 728
81306615 7985
152358412 4366
102667263 7970
150014764 7650
35793825 2298
137885261 4703
61522600 2111
254360319 7
128677183 8268
155113337 113
55672084 1596
43845737 167
129401676 9233
179524770 9689
133152097 4589
2 1
1 10000
329533577 72
312129752 8750
160585451 5865
219338198 8889
50697172 7959
218457545 7114
266297408 7355
113241748 4369
271023723 8059
207513862 5557
251976681 7341
223770323 9322
32703761 6591
23737850 4091
172051379 1617
246066320 6345
117908457 3364
289843666 9320
104075882 1684
181183280 9739
186260645 7820
282011886 4619
176852337 4608
316105888 8490
270892459 4844
193727468 2091
128519702 5913
279697922 634
265405625 2635
181063227 8735
137561022 1193
95977180 2171
16880673 5519
249472199 9920
299064321 1325
169693161 5934
170791115 8370
44578446 1098
241863012 2702
86602101 5084
79584824 3454
18163097 326
268339129 9417
206993453 9648
28248951 1503
11789454 8900
157742871 7838
149389290 4419
91849224 4063
27412334 1876
309611907 3763
75251897 4652
253740836 4060
191472866 7908
146320469 1599
23653395 5183
276589302 7736
291303707 5533
4567943 3159
8957041 6118
137946848 8316
117006851 6614
40678337 9327
312280249 4897
45870911 8584
97285858 6837
56821916 4439
265926943 4396
135633465 2406
175226544 325
187953204 6600
125025090 5132
139447123 3784
136719071 22
53446082 6561
124533860 9389
110751777 9436
124488297 7423
111061159 670
84071462 6596
11818769 953
23450949 3661
68160654 3048
46377763 2017
82092004 2007
105226588 3462
80025940 3088
105256434 3225
123248112 8005
86365319 9924
121854644 5274
113356228 8971
42814850 8169
24530559 317
133781186 5372
95683629 9598
905894226 61
544086233 5855
622132917 4732
869907925 7023
242918731 4605
182803052 9885
30039717 6478
806343170 6277
278967270 6289
504571310 7076
773711603 7625
41268896 351
643276797 9950
829624330 8465
92513031 9627
684981332 4705
829081301 2251
74587086 6370
596367756 3095
696087778 3036
863815861 5364
514393961 2983
558948571 1981
4857322 9028
311395332 6945
351080037 2119
104921474 4142
587212279 4461
507218014 8141
257025836 85
230917684 7640
682543788 1710
241876891 7070
25481 2909
308261718 7656
337852009 2813
193833585 2007
349340186 41
596407176 2455
96874199 7616
597054862 4408
85074480 8277
481257636 6096
795014535 8327
711768074 4886
517332139 1754
73645238 3955
857367466 1779
79418105 5554
125927811 3651
37721869 9579
895161882 6828
107473630 9205
634963449 9781
686646968 2731
474880796 1970
444594253 8250
477802091 3358
431249867 3650
415328750 9060
710131131 1623
503038746 1036
200000 100
3741 10
6819 8
9361 6
6965 4
8322 6
4878 3
2187 9
7383 4
3075 3
4250 7
8706 6
7088 10
4984 3
1007 4
4122 6
5336 8
8912 4
2913 9
1438 8
1259 10
9146 5
654 3
8995 9
1246 2
3852 10
8946 5
5352 4
3928 4
5296 8
6800 8
1410 8
4450 9
524 7
6225 5
1065 5
7884 9
5253 5
226 10
4141 10
1414 8
8285 5
5727 10
1814 9
2159 9
8837 6
1805 8
5587 5
5599 4
6005 3
6472 10
3029 3
4942 4
2391 5
2005 6
675 10
4912 4
6814 3
3125 8
1905 3
7407 5
9480 9
1272 2
5672 9
910 2
7409 4
908 4
1143 5
2840 8
284 4
7809 5
2361 8
605 4
9600 8
5126 8
5000 5
2599 5
1407 6
7423 7
5876 2
6731 8
2277 6
6103 7
2235 9
6855 7
2817 10
4442 4
469 7
8350 10
7914 10
72 7
4918 9
7981 8
3146 3
228 8
2805 8
4086 8
2941 10
9601 1
9280 5
7760 2
60645763 14
53784768 2363
8113579 8983
32446953 4748
35608187 3060
11539132 3258
41940980 6613
28438613 6522
31212858 9233
28703737 3097
3492861 8994
33252559 3391
7558270 8402
56497464 3539
6628997 5793
834662320 14
327638429 9325
191346362 8538
520062962 646
514139205 7104
494572746 3023
93121673 9726
363871215 6842
289447836 5402
698898799 9474
682292612 1363
343423842 2127
255008485 9652
278455595 5258
811073423 1760
1000000000 1
999999999 1
301272411 76
116621472 9694
294227372 7652
89456744 3315
52524650 8885
75280593 6168
195874099 7290
132054246 6431
25187062 315
151951943 1363
202308027 1300
30062042 7311
2165636 516
68703524 552
217945099 9681
290935646 2429
82004074 7175
205585276 2741
15475221 4517
96062996 3011
23699001 3976
212591483 960
257587968 3446
90574070 1602
59865607 9271
139273146 2420
166083557 5195
166501843 8439
94250323 1355
96069075 1529
237204337 7649
51707271 5777
11502379 3153
217423291 8852
269923239 7399
70292954 6224
41774888 9559
91813844 9622
216505927 9477
5477639 2094
68224863 1808
162028443 775
271914324 1811
215632505 9496
118368609 7077
227457588 9163
180013290 2311
238993469 6787
105100435 2705
185520763 3094
191286560 9885
157084794 6207
109367603 6702
196627832 9122
217954426 3045
92631047 7193
70435246 875
189692264 833
227129873 5766
267789185 3365
220376799 1398
110924399 4424
269118009 8102
193141131 1531
215235842 74
127597867 3701
265303206 719
240912728 8098
189476175 3915
299588608 8919
270633593 404
74620174 9451
122224398 5432
109148651 2547
239685522 4846
210116413 6700
108679034 3778
60091736 62
37937977 5756
552054 4638
40113423 4494
31466224 2573
11457698 4991
18357695 1934
33272993 5502
17149514 2892
48291215 2144
33462372 5
30558665 7287
4715505 9357
32020151 2920
37865992 2536
26603835 2790
19356560 3321
22490101 2959
51235184 8547
10929428 1747
15634748 8256
14767312 2292
39514143 6398
34113325 2431
20385227 6236
12038029 667
51877324 9193
39868133 1789
51676857 2760
31833219 5575
41538776 1768
28603429 8784
3368795 6366
36592426 3044
18345795 7559
59806980 1866
58501439 3052
6625110 4840
31644408 7201
58372137 2669
11772642 9082
31178720 9652
2493436 2095
42117634 9809
16703623 3705
30604692 2353
10314677 3678
10662080 1344
13459263 3457
15675514 5185
886156 4583
33002986 8377
17048410 2426
258261 6464
36713134 8174
30763137 7611
2989316 7058
41529340 7013
54957555 9880
34571659 1939
1396487 5665
43053844 9933
31290393 8016
65841950 100
56324855 323
21640221 3425
4779994 3313
22168772 7034
45513034 6811
12312476 6592
44178556 5968
52231717 2727
38963988 2852
26319110 9359
316928 5417
25471699 9452
3921940 9266
64984982 1670
54704295 3681
43680255 3617
4764486 1096
25284742 1789
64443441 897
17270037 7460
6739130 5752
26404399 9300
33063638 3674
48007234 7579
28397954 8918
61286479 8436
10291299 2037
64404188 1063
3526393 3520
20183750 996
32444682 6848
40440387 1238
64063087 6417
39394224 6891
28408259 344
62321991 7151
2084881 5249
64661712 7003
18000821 3221
39176704 306
41625921 6156
29838164 6466
53109761 3784
49397997 2190
6190225 9316
28264579 6260
49186677 3987
49166761 1671
56456988 8615
5230880 3812
38861189 6554
13012974 5236
55213967 490
2900798 1181
36711700 9850
26064350 1630
45249031 907
30070753 6379
49746990 1479
35748844 4207
16279781 2434
7780962 2453
10771752 1162
59004370 1970
65421000 423
4700385 8779
2005102 5171
41901876 1568
31940630 352
904455 2103
61792148 3811
436364 9615
40012546 8929
61651174 3880
10887307 1218
59726961 8269
48491782 782
19090698 7995
33301005 2264
11106012 7539
47191301 1510
49237060 692
28139082 4067
29895810 190
39911273 3333
60693557 3588
32571849 9949
50901919 4322
35563615 4130
18217412 6937
27001917 9502
8540443 6654
43261433 5802
34273088 1675
61227505 8284
16616126 6119
24655257 598
64194007 9451
47127537 553
18978907 4753
923103644 25
378109059 2167
856544962 5443
844361337 4544
354402777 918
318533511 6134
6653550 1004
688575340 8787
495473181 7692
897389720 4
740730431 1085
805962147 1147
174095178 5879
121382497 3757
466332738 3288
826175116 6581
728083436 605
783405424 3074
825110280 9201
316651270 5819
251160051 9680
725816767 6517
770464339 66
163545990 30
807780296 6952
748737476 2413
177595774 15
139768982 9993
34539765 9347
54861459 7083
77611364 8267
150275629 164
32052730 2520
123872151 6026
5782643 4094
46130457 1592
8409633 5087
173078467 5958
160398199 3340
59635433 3143
23471234 2921
74858902 7201
194494057 40
6819698 8132
161897731 8182
106138924 3906
21861687 9002
164069751 130
43760865 9553
190470456 3102
112639395 4339
63896036 6738
103249060 8209
105015275 3967
93507026 9694
6564566 7819
15702392 3674
168107016 137
182275349 4321
40029610 3227
181136039 8684
72445953 4849
34939741 1740
9459340 7112
170612572 8187
34202376 4749
137913648 8385
98349348 1114
179930590 4320
20814426 5057
114625039 5332
113367026 3579
162946731 1270
12537317 1160
158046560 5380
77001279 3193
9219881 8682
57404174 5492
102908192 2257
2921653 9195
115755817 2391
14032958 6853
158150514 4452
200000 100
7240 4
867 5
3092 9
5567 6
1471 7
6897 3
9924 7
6863 4
9628 2
1045 10
8092 3
5802 7
4242 5
6154 6
2168 9
10 7
8947 4
3882 10
2580 2
7545 3
5157 6
9583 8
3395 6
3071 9
4035 2
5787 9
9971 1
4918 5
6652 7
6953 2
542 5
2861 7
5047 6
149 6
7167 6
1730 6
8471 4
9173 2
8705 9
6536 2
4836 2
7901 4
5379 9
8378 6
9676 3
8190 5
8289 8
4029 3
1908 5
5500 3
1374 9
7549 6
8548 5
8099 6
9790 2
5793 4
8648 4
9952 8
2351 3
3047 7
5000 5
6471 2
5070 8
4143 2
5081 8
5058 8
5645 6
7942 7
3543 7
9266 5
6592 5
6967 10
5391 4
1877 4
2845 4
948 7
3514 4
9970 6
5151 2
7706 6
3885 9
2687 2
4996 8
6658 10
842 7
7379 8
8993 3
1220 4
6011 2
6511 6
2140 2
7750 4
5968 7
5467 6
3986 10
501 6
1744 10
8298 7
4398 6
8069 9
832189112 58
438213942 1366
40778648 586
17711700 554
784401007 8531
378346087 1138
764840944 8006
650007143 535
366709324 8278
517620357 8156
268066637 1698
19732455 1432
302466758 2218
391299541 3410
386860809 2190
455833468 4163
292206112 5339
392540443 7646
120474782 9972
788351414 6162
824025000 1203
749498832 9224
63566789 8970
139172008 6115
310911126 9117
596688889 8216
679921991 5709
628137802 6088
715186931 5320
635872876 1368
25605696 7205
567892719 9416
41592967 585
732638344 2432
43544738 1560
226530980 7353
223369959 9967
259608080 9430
720386012 1528
72053662 4658
763389128 6556
64653347 994
580881746 9133
341538874 9763
811284235 9363
445699410 1455
202073750 594
160323129 329
345966637 9451
279132506 2107
647822116 1437
410771332 8985
41652426 8723
142405165 9280
689759438 406
170337727 374
269824003 1729
464430743 2017
373234276 1505
1000000000 1
1 1
383714878 75
192809934 9998
87018030 9086
6789415 4811
92856587 3298
254501084 491
198868048 883
38643027 6258
329294159 9160
77803501 4997
129013373 621
175996875 9579
77687043 5004
379685672 1660
140552400 4874
347790318 2761
226951316 3802
156399797 9309
260901595 9345
42114479 5508
79553719 9223
215595073 649
280933989 7751
187938070 8254
349534104 9129
368350748 8013
81322633 7931
66766456 2835
307564203 4802
367488937 4165
290772571 2176
97807686 4764
144489943 3474
75622371 6378
256321427 5416
161041117 2284
67368366 2741
323558800 625
302440043 527
70247329 2240
174563047 2024
249031300 4195
184701669 5948
300678948 6834
188665822 4077
215842949 5386
75483874 3162
295602847 1747
44462207 1966
319593549 5915
86419614 990
194649689 9434
236777007 1899
243366673 3826
310647097 4527
147692402 9924
47325118 3428
117236441 4011
22553896 7484
80089619 4700
1096185 1791
235188290 4041
373723839 8962
297855607 9366
9163105 118
81876899 9885
153681407 7251
124460437 3352
177584581 5352
112192506 3891
217461713 2290
313131178 4762
382998098 7471
373712681 356
95074363 3145
221492505 5460
1000000000 100
8000 250
5200 384
5900 10000
2100 10000
9400 212
2900 10000
9900 10000
3200 625
500 10000
8500 10000
6200 322
3100 10000
2500 10000
2600 769
9100 10000
5800 344
6500 10000
7100 10000
800 2500
4300 10000
1400 1428
4400 454
6700 10000
700 10000
1200 1666
7500 10000
7200 277
200 10000
7300 10000
8100 10000
7700 10000
10000 200
6100 10000
4200 476
8200 243
4100 10000
4800 416
7600 263
3500 10000
8700 10000
7400 270
600 3333
5500 10000
1800 1111
4600 434
3700 10000
5400 370
300 10000
8300 10000
3900 10000
1600 1250
9700 10000
3300 10000
5100 10000
2200 909
5600 357
8400 238
3600 555
1900 10000
6300 10000
1500 10000
1100 10000
2800 714
8900 10000
7800 256
6600 303
9000 222
4000 500
5300 10000
3800 526
5000 400
6900 10000
6000 333
9800 204
6400 312
9200 217
4900 10000
9300 10000
3400 588
400 5000
1000 2000
2700 10000
7900 10000
8600 232
9600 208
100 10000
2000 1000
4700 10000
4500 10000
5700 10000
900 10000
2400 833
2300 10000
7000 285
3000 666
9500 10000
8800 227
6800 294
1300 10000
1700 10000
757273089 49
739355682 7963
204543681 331
150048426 7827
184909400 9808
2828765 4223
696720541 3615
698019730 5726
569413253 8148
481480051 2026
749875957 2084
619969418 5492
627996200 7406
251581345 5786
610270835 1439
411071579 6288
345786136 9287
702405912 4244
450907137 9342
39617707 2793
381381096 3928
461000389 5882
460293401 3833
302781597 4473
718200713 4790
70769870 5013
309147026 2794
204598920 1706
669241937 1588
313041346 8488
196628527 7487
324680901 8698
185915302 3825
328691185 9389
665281586 7851
716264708 9533
226061953 7741
748790828 4980
172820283 2196
251276562 2566
255103167 3151
414930773 6768
319083612 9618
103426238 2055
112147803 5461
178058494 1355
288296558 2305
470535247 7583
38373709 4100
620837117 7694
111064169 100
17128355 49
56287893 1689
103911178 4062
19151525 5601
28509240 9731
91939555 691
35461284 8176
39598374 6476
84576388 4620
58925332 2563
55712764 1363
101987946 8930
41268106 4316
54457652 625
57417523 3878
19233253 5084
568253 1196
30033073 7209
22681192 841
59595926 7691
62686870 2540
6433781 8134
21998086 4871
46358636 3149
47780979 6874
20658411 419
78370078 6046
34224619 6284
80958544 3793
100074536 6720
105548128 8093
25580100 9249
86559528 7664
11069776 9295
24244736 6400
35650354 582
46124910 3481
85283233 251
11734459 5145
30407605 3471
23495898 3865
92707725 883
24928617 6192
45618455 1078
59734417 9069
103022135 7055
57645698 3832
14370741 2006
24764615 5196
56046751 9691
10374597 1056
40385948 5869
82241735 1148
73132420 6430
84135356 5105
80272409 828
14876432 290
61770665 941
103925073 8849
73389408 6585
70332687 2598
20780067 608
30938539 9359
96237231 5156
60828102 8566
103370515 8420
5604068 8551
10087828 2372
64869491 4991
105244393 3330
18119272 7987
22483342 7171
52849344 2874
26873865 3787
11794302 7576
72610292 3023
97248668 408
75057927 8543
25292238 5267
70699057 7284
58068457 1675
84307351 8469
33723020 3955
65543238 9748
75392182 8502
68355353 2022
55411836 4455
103435401 2235
41969373 7954
87509617 2735
30522918 3690
93428582 8445
100864702 4091
4522531 5663
110748146 2578
89912471 9446
43654622 361
23105998 9078
100723560 9683
32663048 8899
610134151 1
424849919 9876
1000000000 100
999999916 83
999999962 37
999999993 6
999999900 99
999999939 60
999999933 66
999999966 33
999999963 36
999999976 23
999999986 13
999999983 16
999999947 52
999999936 63
999999979 20
999999975 24
999999980 19
999999926 73
999999946 53
999999905 94
999999994 5
999999973 26
999999910 89
999999972 27
999999907 92
999999971 28
999999928 71
999999906 93
999999925 74
999999991 8
999999988 11
999999984 15
999999943 56
999999901 98
999999955 44
999999908 91
999999898 101
999999942 57
999999974 25
999999959 40
999999950 49
999999941 58
999999911 88
999999938 61
999999997 2
999999914 85
999999904 95
999999934 65
999999968 31
999999952 47
999999944 55
999999922 77
999999935 64
999999989 10
999999930 69
999999909 90
999999932 67
999999969 30
999999961 38
999999951 48
999999931 68
999999937 62
999999929 70
999999964 35
999999987 12
999999956 43
999999903 96
999999920 79
999999985 14
999999977 22
999999965 34
999999940 59
999999967 32
999999995 4
999999957 42
999999992 7
999999978 21
999999960 39
999999924 75
999999918 81
999999954 45
999999902 97
999999919 80
999999948 51
999999912 87
999999945 54
999999927 72
999999923 76
999999953 46
999999958 41
999999915 84
999999970 29
999999913 86
999999949 50
999999982 17
999999917 82
999999996 3
999999899 100
999999921 78
999999990 9
999999981 18
44756498 10
44410554 7204
42075182 1350
24628694 2883
8589392 7565
15995989 5117
40727364 2974
18848112 9964
11843803 9971
15452426 3690
9370042 564
949971485 92
947506425 966
759365232 8539
533350113 7281
180876193 6113
47067779 2714
194241195 7923
826610403 974
640324344 8421
246970806 3514
895954957 7210
722560596 8695
621917680 9610
83050490 4137
476906140 9232
205561192 9811
606760794 4977
847919296 6666
344364266 4720
738398965 4239
592018866 6762
641244388 9426
901980188 5282
19506867 7824
697966367 5052
388879120 7184
704694331 919
41070057 1415
310851407 3660
909679401 6644
345025909 3049
732074372 7900
697957492 9149
615706759 5452
370719797 6258
893535415 5758
881377812 7070
294889317 6739
535561250 1403
665776371 8301
373120146 9808
533254343 3726
724381116 6461
355400891 1619
224557211 1911
16414153 7555
463755903 4773
852769767 8824
190113377 4699
890360472 9060
654542073 1578
3998770 1175
43656286 8068
266386562 3409
293749365 987
360299502 6656
708251860 1800
871109246 3061
604678080 5001
949856428 6142
247715504 5470
247288405 1344
362728054 7387
55804340 3744
648690576 4022
207449807 2008
259080913 6040
485795652 1709
252465668 400
490344925 5116
756773330 4244
244405758 1214
916915049 7469
320826612 7630
55791895 9961
61121740 2115
853794400 6988
848969651 1093
362784366 1974
212551422 897
605282154 2876
172311775 3193
384885446 502
413828645 8675
851609647 8426
243883172 1097
283745977 7920
910383406 2096
697598546 2075
617401973 7365
840886476 5353
823946062 7745
582091072 418
2 1
1 1
565841196 26
54472372 3050
220290515 344
448643638 4341
428087813 983
355782651 4872
458484046 1550
95364179 1751
290341807 4901
359697482 1823
388107449 4713
516915815 7213
139618218 5722
509801412 9182
389251546 8613
72203996 8281
379740354 9465
457520057 3710
361239241 5682
24221008 748
453496063 7557
525362476 9355
209832957 5838
384602881 5213
316942542 2537
8909831 9866
333706443 4507
234161476 5
78140782 220
30374514 9627
109674426 9981
134401235 2952
157965295 8560
1000000000 100
948000000 10000
931000000 10000
994000000 10000
924000000 10000
901000000 10000
935000000 10000
932000000 10000
914000000 10000
902000000 10000
971000000 10000
982000000 10000
984000000 10000
981000000 10000
967000000 10000
940000000 10000
921000000 10000
939000000 10000
913000000 10000
986000000 10000
974000000 10000
929000000 10000
965000000 10000
942000000 10000
910000000 10000
992000000 10000
907000000 10000
978000000 10000
927000000 10000
990000000 10000
958000000 10000
941000000 10000
955000000 10000
969000000 10000
999000000 10000
915000000 10000
968000000 10000
900000000 10000
988000000 10000
951000000 10000
905000000 10000
976000000 10000
987000000 10000
973000000 10000
991000000 10000
925000000 10000
985000000 10000
906000000 10000
922000000 10000
945000000 10000
956000000 10000
995000000 10000
952000000 10000
920000000 10000
947000000 10000
911000000 10000
983000000 10000
946000000 10000
989000000 10000
979000000 10000
959000000 10000
918000000 10000
943000000 10000
903000000 10000
912000000 10000
980000000 10000
917000000 10000
909000000 10000
953000000 10000
930000000 10000
936000000 10000
961000000 10000
997000000 10000
949000000 10000
972000000 10000
993000000 10000
975000000 10000
934000000 10000
923000000 10000
950000000 10000
938000000 10000
996000000 10000
966000000 10000
998000000 10000
954000000 10000
937000000 10000
916000000 10000
977000000 10000
962000000 10000
904000000 10000
926000000 10000
919000000 10000
928000000 10000
933000000 10000
957000000 10000
964000000 10000
970000000 10000
908000000 10000
944000000 10000
960000000 10000
963000000 10000
84152156 27
51796541 4970
51957276 1837
75519657 1931
16881756 4894
75819410 3506
61431995 5628
10462262 5999
77995434 8500
29807440 3583
68778688 9023
60822225 8860
30757132 9630
70786306 4637
54227482 1592
51089828 3588
59126371 9281
55808205 8271
61980789 5051
79421574 1349
67829322 6347
9544585 1850
48282947 7498
9293391 8245
3699420 3673
45691125 9050
29541102 8253
26158280 2421
414208823 2
367642652 2601
64374705 1365
868276456 40
205811537 6723
642213432 1983
764418997 1921
22067727 1957
181049164 9276
231435112 8767
162993528 2833
212987098 259
334763914 7109
835396997 320
246003335 6940
278186743 1453
272417901 4453
210235880 3929
551219405 8416
165284706 381
630088968 9536
63289728 1919
851301939 407
159981673 4392
521906280 8358
320660855 1059
316583398 8803
527192499 8303
843182324 6951
83303739 9582
643360479 5444
695464580 4364
295361399 1910
50474535 355
829905265 9646
43823660 8578
95305440 7205
608611783 3438
312134117 3412
179863546 2272
647643465 66
63607682 7316
231247215 6823
637015633 7451
501371680 6
17135114 2617
444766604 9976
392581750 6344
461665404 3016
57438000 9455
347840326 4007
42619250 7
1865450 3331
36259525 6979
27688502 5683
16870855 9549
34168813 9744
18756270 3348
42443837 2288
682857448 63
31638597 3938
674943465 5002
126628000 8877
596142871 8208
374048005 9161
198579311 633
83766959 9104
262081606 9917
184349232 1239
156631591 610
658641404 1652
33240195 1512
277677287 4200
182191373 4609
110706719 6477
371936501 7212
179049419 5834
238427544 4760
633294866 8635
61204859 6530
119450364 709
430924920 4047
171863034 9979
284741662 1021
610999584 5725
265796010 2110
536944437 7325
206106634 122
625294185 5523
629094089 759
410388810 2981
466193516 6566
456035971 1935
225958320 487
255577768 6341
177920876 2758
213358221 9623
204077968 1192
390305379 1994
299984829 532
508051303 9397
288974983 3046
63911606 7180
621525222 256
273742464 8143
248176810 1451
141492807 9673
415813976 7557
488237645 2976
72705870 6727
59917832 5377
496916163 2797
97949468 4186
364861976 3822
255634428 1763
619060943 1426
19963877 2288
353873457 2291
602931600 3372
62133183 1611
136010661 9062
623020250 3055
186871334 9353
323327371 6
75180383 6738
24699948 2249
56079041 7323
158002374 8007
145500612 6094
161530047 153
355286043 17
339205055 8774
227610511 2807
256368396 512
283844386 7435
106716287 3663
167143850 1188
265784096 5436
343286776 9125
271367447 5821
153850792 7229
310365307 7701
179863113 1070
70807323 7802
95752414 3080
85603763 7700
138657300 3740
315547040 4220
1000000000 1
999999999 10000
701740670 16
558322485 3023
120917826 4807
5257599 9105
130808292 8722
613367485 9860
271600326 418
359048535 7444
201025865 1936
16042280 7899
355471061 9532
417311750 3738
255401453 5913
28665447 9991
447205399 6259
468203427 5956
463436140 7430
57453322 100
57187214 9494
1993958 8904
33715027 6110
21242896 8886
18849641 9921
40917695 161
42504355 1603
37927580 7246
5433744 3754
9055785 7911
12318782 9475
51231772 6650
6620793 665
17484732 7225
13526925 1880
29192792 8518
35900271 3639
2588536 5429
29218499 939
16891089 2992
25852597 5219
33789014 8439
41231981 4195
17088696 5409
16235105 4398
39338065 5370
6907840 6863
36245603 5531
2980516 9082
55333696 9103
20979969 3182
32530685 1778
31918355 1801
45131463 1362
40889782 2987
19337949 7777
53970643 6517
50030841 4455
35391019 5328
3249110 9553
10507413 253
8023192 6364
37560607 9994
52451935 8061
332502 7765
5665750 1977
52718834 1253
4895506 1007
41368947 7627
32688824 2047
10330858 396
28383060 3512
6168070 5663
9459142 4898
56950926 7073
46578846 5860
21974780 2614
55976767 4614
6046615 970
45798897 5339
33649269 5495
1260358 206
23607142 4632
27001172 8170
27487514 2881
26005794 6983
14476729 366
5881097 5919
33262653 8484
36155342 687
50107721 8602
39261276 9504
4183935 5423
8048313 7306
42973871 9968
1752359 979
48915008 1027
48956208 9572
46265029 7378
4224541 489
56001538 7333
47236994 408
12182873 5581
46579673 4707
27847445 9321
29970634 2993
37985967 7388
46166850 7984
37566670 2729
32250955 1178
49064675 1267
26769332 8061
36613604 9617
24399002 941
14026880 1136
38798948 7051
3811486 4031
49080379 8110
36947534 746
38383858 8250
200000 1000
8697 10
8492 8
5699 3
5715 3
3609 3
8636 7
8970 2
7674 6
3501 7
9388 3
5309 9
3318 7
9895 8
1105 2
3865 4
2433 9
5374 9
9312 7
5350 10
4920 9
4414 2
8523 2
8713 10
3511 9
5946 4
9363 9
3014 5
425 9
4156 8
5769 6
1941 4
7523 2
9515 5
2270 6
888 2
6061 2
5062 5
5856 8
6078 9
3068 7
30 10
9575 3
3045 10
8640 5
3317 9
8891 9
7260 3
7299 4
9986 4
636 8
4545 8
5622 10
5164 9
3579 5
1353 9
7479 10
6308 2
7340 2
306 4
6320 5
4816 7
4318 6
8379 7
8464 5
3436 5
3403 7
1757 4
1010 2
6328 10
8756 3
6721 4
955 8
8841 5
3645 4
2173 9
6592 8
6528 7
2095 3
4567 3
2353 6
7613 4
5578 9
996 10
947 5
9201 8
8647 5
7424 7
520 9
8143 6
850 8
3512 7
8942 5
6463 3
5332 3
6468 2
1715 3
2125 9
4498 8
209 3
2011 10
9164 7
7725 7
1537 10
1450 9
9163 10
3955 6
7158 9
5487 9
2605 8
1556 8
8495 4
867 4
118 9
8843 5
1601 2
4518 9
6450 2
9779 8
3201 7
6147 5
1358 7
286 7
8617 3
8941 9
5521 10
6204 2
4368 5
7587 5
3483 2
9863 8
7695 9
6058 9
9449 7
174 4
1213 7
3541 4
2588 10
9251 4
7750 8
3849 4
7707 6
5585 7
5962 7
6596 9
5807 4
251 8
8564 6
7286 5
5990 6
569 7
4936 5
7868 5
3237 8
407 9
3502 10
8114 5
4999 10
8955 9
314 4
7728 8
5354 10
2908 3
9659 3
3494 8
556 9
8783 8
6919 5
9244 7
7192 6
4461 7
9690 4
5660 10
7415 5
389 3
2343 10
9227 8
8980 7
4909 10
4394 9
4063 3
8964 5
7779 10
7338 9
4409 10
9626 7
2639 3
9314 4
1084 8
6351 2
4261 9
188 8
2364 9
571 9
1774 7
574 4
4232 4
2399 4
7117 2
6266 4
3675 7
2583 6
5671 6
6552 2
1207 4
6842 8
374 3
4828 6
4859 5
6918 9
2351 5
2972 8
644 6
402 9
4812 3
7581 10
6073 4
3373 9
6421 9
414 7
1080 3
3422 2
1878 9
8510 7
7195 3
1132 5
1082 7
8345 7
9044 7
2063 5
1452 4
5157 4
9713 4
7003 4
6900 6
8297 3
718 4
9621 8
5262 7
639 7
9095 9
6856 10
5959 10
5566 8
4902 8
5952 3
7385 9
134 10
8535 8
6046 6
9559 9
104 3
4277 2
4165 9
5382 7
2170 7
902 6
869 9
7583 2
3815 2
2519 10
7012 6
3744 3
2578 3
9122 10
1356 8
6492 8
1833 2
1183 6
7042 4
9162 6
3478 8
9008 4
7732 7
5763 9
1910 9
9972 3
7265 10
4281 7
8899 8
4398 7
6283 2
4130 5
2235 2
8857 4
9847 5
9748 9
6134 2
4144 6
9699 6
8674 2
364 4
5924 5
9608 7
4877 3
6956 6
7797 3
6591 10
3692 10
9350 8
8606 2
8110 10
2948 7
3155 10
665 10
5528 5
5274 9
1550 4
1629 7
5609 7
3805 2
5426 6
3387 7
4857 10
4858 10
3938 5
9267 4
2486 5
4059 5
9081 5
2230 8
6011 5
5273 3
6402 9
4845 6
6221 4
2196 5
2660 8
6064 4
9569 6
2462 7
5053 8
2644 4
4168 2
5115 6
3806 8
7083 5
9750 8
9131 8
2041 3
8002 9
2682 4
7889 5
1200 4
1361 3
9539 10
2813 2
7923 2
6124 10
344 6
3009 4
9628 3
1526 6
4077 8
9829 6
9246 9
6650 4
6267 9
5725 7
4952 9
4201 9
2024 5
4915 4
866 6
3252 9
3458 8
4038 2
3310 5
9297 9
7761 3
5353 10
443 2
8208 8
1394 10
5182 7
9320 5
3986 10
3978 2
480 2
6211 8
3631 10
1574 10
7321 7
578 8
3421 6
9537 10
375 8
6449 4
7919 6
9609 9
7775 9
737 9
3320 9
3676 10
3296 6
917 6
3590 4
3133 5
5563 6
9726 5
1325 9
6671 2
2119 2
4503 10
3795 9
5031 10
920 6
7983 3
584 4
5000 3
1134 3
8025 3
7865 5
5136 2
8690 9
7739 9
1360 3
9781 6
9520 4
2944 9
1776 5
4212 9
1886 10
942 6
1242 3
2855 2
5969 5
4960 3
2389 3
9566 5
88 8
2658 9
8723 8
6383 7
3471 7
5397 9
2866 6
5166 10
1020 10
6768 10
5547 7
5407 8
9389 4
6362 8
8778 4
3305 9
7094 8
2242 10
6764 10
7344 7
1909 5
8189 3
3642 9
3610 4
3585 7
678 6
2404 5
848 3
9113 7
2267 4
9169 3
410 3
5160 10
5289 5
7470 9
5957 2
9824 9
7768 9
3565 9
8569 3
9481 9
6357 3
8167 8
7773 5
7257 7
4421 5
3254 4
4085 3
3299 8
184 6
2924 3
9383 5
5711 8
6300 3
4022 4
6072 9
3522 7
7127 5
5119 5
8779 9
9070 8
3905 7
7784 8
4153 7
5614 9
1702 8
3443 5
3209 6
4560 9
3107 10
5424 5
3894 6
5286 2
5514 5
4486 8
1536 4
9178 9
657 6
7764 4
8915 7
5932 7
1975 7
4291 2
6099 6
2277 7
8774 7
3222 8
7499 4
8457 8
3768 2
3937 4
4512 10
6256 3
6640 6
1040 10
2695 8
1160 7
8125 9
6580 2
416 2
6231 7
5727 4
6892 8
8221 6
2745 8
300 10
2890 8
9597 10
3408 7
6095 8
6282 9
1718 10
5234 4
6257 2
4763 9
2592 10
891 10
927 4
8046 6
9473 10
7268 8
5458 2
618 6
2763 3
4968 10
1413 3
7245 7
3873 9
3301 5
2805 7
7704 10
1102 2
6899 4
6633 2
387 2
4274 6
7398 9
7904 4
3243 9
576 6
5830 9
419 7
502 6
8412 9
2368 7
1921 10
4069 4
2087 9
6487 5
4692 5
733 7
5970 6
6896 7
6166 8
897 4
2750 4
1239 4
8577 2
1336 3
3386 5
101 6
8854 9
6465 10
5075 8
3041 6
6388 4
1977 2
3852 3
7136 7
2016 7
770 3
3594 5
352 10
5961 7
6803 2
9393 9
7722 2
8244 8
9987 8
8476 2
1880 4
3711 10
2717 5
9296 4
6791 8
3994 9
8982 5
4720 9
4006 9
5790 2
1344 8
2857 5
3844 7
8607 10
768 5
9507 8
6200 5
8604 8
4689 2
1116 6
3661 10
9464 10
1687 7
5499 7
8820 2
5835 2
6959 2
5706 3
186 10
671 10
6846 7
8803 8
5532 2
3328 7
3097 2
7816 5
2958 2
7521 9
6286 4
4714 6
8621 8
7970 9
952 3
9355 7
7112 7
7494 2
5249 2
8326 8
903 4
8768 8
8533 2
5915 3
5429 7
9431 3
317 10
6827 10
7151 5
510 7
7804 4
8474 2
9004 3
7593 8
5127 6
4257 2
9688 6
9158 10
4657 7
5086 5
3242 5
7154 9
1667 5
1316 7
3115 4
222 8
3291 6
454 7
3290 5
2725 10
3545 9
2945 7
5833 3
6997 7
589 7
6976 4
3761 5
4191 5
1617 6
3984 5
950 9
2544 3
5985 5
1269 8
6035 8
3158 7
9154 4
9997 1
9996 7
9629 4
5403 8
5061 9
8195 5
2992 2
2265 8
3080 8
2105 3
5791 6
8960 9
8435 9
202 7
2540 3
8149 9
6996 9
6353 5
4070 9
247 4
96 8
9241 9
8731 8
9116 5
9568 8
8549 4
9827 3
1479 10
1009 10
7907 7
6822 5
9890 10
754 5
7202 6
5935 2
3823 10
5709 8
1864 9
2430 2
426 8
5873 5
6981 2
6314 9
487 4
5783 4
1255 7
7279 5
5076 4
773 3
3776 4
4484 2
6839 3
5100 3
4010 2
233 5
5405 3
6371 7
8453 9
8709 4
3649 8
7350 2
1339 5
1063 10
1032 2
7719 5
5551 4
6384 7
5574 9
248 2
8551 3
7173 8
1720 5
1470 10
4759 8
800 5
5227 3
399 7
1098 7
8637 9
4467 3
9630 7
2587 6
7551 5
2881 2
9399 2
7846 7
3381 2
9627 2
5885 3
782 7
41 2
4013 10
4308 10
2304 7
3361 10
3683 8
2668 4
5736 9
3956 7
1923 10
7611 9
7656 4
6273 7
437 6
8940 4
7365 3
4612 5
1754 6
8703 5
1024 8
9173 9
5002 4
142 6
5462 8
6281 4
1123 9
6810 9
4716 9
2542 6
4126 8
8181 8
7316 6
431 8
3267 6
6964 2
7972 4
4243 6
8165 7
103 10
8622 4
5125 4
1699 6
9711 9
6343 4
424 7
8007 2
1812 6
9236 10
1150 6
7288 5
7759 8
2017 8
9936 9
8745 4
7128 9
44 7
8111 4
6742 5
6287 7
3495 4
7155 4
2828 6
16 6
9913 5
8276 9
4760 2
8898 9
372 8
9328 3
1050 4
7810 10
2283 10
1078 5
3685 6
501 7
1351 9
5425 9
887 8
2206 10
6376 8
4170 4
9238 6
237 3
3122 2
2456 7
6787 5
757 6
5104 2
7963 6
2989 5
4630 6
335 10
808 5
1707 2
2113 2
9796 9
8852 5
7070 9
4188 2
5580 10
1461 3
6329 2
158 8
5435 6
565 5
9055 7
2850 7
7944 3
8160 2
468 7
3083 10
69 2
5513 9
746 3
8691 4
6651 5
3067 8
2163 4
4034 9
6549 4
4471 2
2327 4
9978 10
2263 7
6251 5
6501 9
3313 9
3382 3
1145 6
6774 7
5569 4
4851 7
5743 4
868 7
9011 5
5995 3
9737 7
5341 9
8148 10
2083 3
4780 8
2816 6
2040 9
5410 3
3835 5
7635 3
1342 5
7077 10
6341 2
5093 3
5720 8
9974 7
1389 4
6259 2
7794 7
409 7
4161 9
7574 5
4361 5
5697 10
7449 2
5290 7
6864 3
3244 2
9556 8
5820 4
4953 5
3869 10
7145 2
3552 5
9883 5
853 10
8434 8
6340 3
2335 5
3010 5
8089 6
4287 8
5738 7
5836 10
7746 6
893 9
7897 8
5015 4
7640 2
6261 9
5941 2
473 3
46 9
7201 2
3926 3
2216 7
8657 4
1171 4
8540 6
164 4
9266 6
3256 9
839 9
4668 7
7031 5
6233 4
672 8
8085 2
1775 6
1264 4
200000 100
288 3
1352 7
4233 10
2932 3
7938 3
8957 9
9420 5
3635 10
9549 1
6694 9
8449 9
7988 7
2887 6
8656 7
3111 8
1505 2
8424 6
2839 9
8029 5
7079 6
4985 7
5000 9
6026 2
2691 6
5712 10
3506 9
8354 4
6703 10
8365 2
795 9
665 5
4310 10
5695 9
4652 6
6923 7
6482 10
7533 2
3394 4
8385 4
5501 10
3494 9
7041 10
4761 4
3228 4
5167 6
6117 6
8318 10
2197 4
8432 10
9548 7
5879 5
6296 8
662 6
3421 6
1092 4
8213 4
5146 10
3964 4
2786 8
3447 4
3291 5
2568 7
1143 5
1979 2
6612 5
7546 3
6917 9
6018 10
8477 6
8824 5
854 5
5942 8
7688 5
5985 4
7519 7
5265 3
480 7
714 7
4426 10
5371 9
2151 8
3450 8
2924 4
4419 8
9067 7
2813 5
5914 3
4267 10
180 6
4584 6
1223 4
4974 3
1484 4
2017 9
5333 4
8456 9
4210 3
1970 7
837 5
6723 3
220515373 4
454065 4816
61491956 2577
162662547 6941
50496228 7853
787120138 5
763227851 3278
572262460 3230
458067219 1549
456657073 5379
33848833 4513
200000 100
1111 3
4828 8
3838 3
1635 10
2368 6
2813 4
9402 2
8282 4
3507 7
2325 2
2319 5
3066 2
9945 4
2504 3
6544 3
2810 5
1996 8
2596 9
3356 10
8040 7
9969 10
9281 4
4567 8
9299 7
2185 3
2170 7
8972 3
1184 4
7621 3
5109 9
7540 8
6670 6
6066 4
3748 2
2969 5
7350 8
3199 9
8994 9
7951 4
7458 6
316 5
6781 8
5923 6
4536 2
2317 7
7370 3
4131 2
8006 4
5501 6
8015 3
3650 7
2212 5
9822 6
9472 6
6639 5
8215 2
9903 3
8557 10
4022 5
2789 5
5531 9
4906 2
4588 2
3701 4
5000 10
3948 7
2923 5
1514 10
952 2
7351 5
2361 7
6177 3
8283 8
6224 8
4420 8
6293 10
3329 4
3806 9
1321 6
680 4
3374 2
4819 10
173 7
6739 10
8648 2
9970 1
8925 2
4764 9
4104 4
4124 10
2795 7
4538 7
9246 9
9167 4
8512 8
9657 5
9304 6
5514 2
8268 4
4388 9
669346038 36
622612154 2447
435503255 2477
144219871 5744
494943061 7519
427658366 2783
570802784 4823
609439908 3078
619579829 5795
429131638 8247
293239884 4068
98251184 1872
356877452 9233
320217420 9644
116191476 4315
494927059 6464
165107751 2565
270176299 1132
8287756 6889
109368219 112
250963967 8219
237471638 2992
469921800 9845
448315004 5201
173670607 9705
65132081 3750
557279688 7955
11395465 1751
200227297 7897
489858732 3481
167719559 4695
285233860 1225
159351556 6474
317656629 5331
249461537 5663
223708076 9042
563235181 1639
608303668 100
354577603 3683
69001620 7179
18618210 7161
570858712 6840
518124835 2389
511791849 3800
81312302 2085
145518237 4259
54243396 7115
30574020 9360
332059092 3924
347915160 3416
355524864 4911
406669761 3487
312377968 966
582839147 9382
425567294 6702
421153327 1081
245130335 570
129929580 8871
216243780 2162
595585468 5339
326642059 9146
101357643 1934
190831901 5816
602431235 8287
58571148 7774
436602276 1111
308121613 6911
423152406 7311
201004446 9618
264950443 6241
39841338 1047
131695627 4690
15107476 6819
111453422 4129
481257661 2372
219459650 3547
90460489 2192
521482142 7791
79833066 9225
215046073 812
199497686 8545
25658757 3936
464997910 3024
20824680 9761
542610620 3950
12039348 9280
124830421 845
263872527 8067
201303174 2334
197085325 4617
70502308 3336
139354720 3249
82403440 3359
499385982 3226
566703586 2630
308995607 735
371362912 4967
561963264 61
501496846 8494
370717256 4214
519817856 9851
195119064 4273
333641187 2949
155945859 8188
86219583 4507
138781980 6375
48045567 4447
217840120 7996
196092189 5569
133792096 5128
43265121 508
210542691 9089
371480804 4921
158071084 7777
249061701 6292
124389587 4565
119304068 8140
240441115 6135
543756513 4065
94399197 3392
538435978 900
388594206 9107
567658539 7240
18129592 4957
504764588 1625
166523600 3702
343403653 2049
285488651 9368
406840670 1076
513781270 2684
601717958 2878
258474837 1750
973769 6136
3042314 2376
129329032 2463
457212245 7495
407803182 3147
298338700 5553
816354709 10
725845748 112
630688736 842
171727856 6982
812501938 721
566061534 4992
21783391 4599
274951464 4705
25059720 3211
445411651 8592
24708571 5937
881303098 10
98910967 6659
103439852 2639
276378713 2203
235882205 4903
595815509 5786
793832762 910
765396513 1341
298974748 7170
301131395 9288
367371403 9406
665681188 47
590189083 9820
455592805 8736
323958569 7115
278998912 3352
45017266 5530
465189191 1201
130174216 6035
487329444 2302
185948473 1821
151801581 5876
29205621 7316
641109134 9060
557415371 563
614878876 768
445906049 8673
414804485 3821
225313424 1568
421285658 8202
223043777 2549
438801714 1026
492279695 8287
313794907 4745
544873972 442
523148836 1353
443497222 2412
470714478 5658
298258238 455
344550174 3264
352165660 8195
664078681 7685
638295205 102
656818089 2451
114880584 5954
247831546 6481
207983486 9489
335514164 8872
71687872 4018
89619471 59
196769975 7675
87280156 7618
149002549 3039
241200779 8409
620420175 8082
296058255 9630
34182986 8491
219316843 4644
135346510 4650
321183401 10
4774004 5258
110508137 6145
156451082 1626
134900685 4124
168649295 5651
193869854 9063
195831248 745
67145885 1832
230550454 8923
71926116 4032
1000000000 100
999999940 61
999999970 31
999999946 55
999999907 94
999999923 78
999999917 84
999999929 72
999999912 89
999999927 74
999999942 59
999999916 85
999999924 77
999999928 73
999999978 23
999999962 39
999999992 9
999999936 65
999999918 83
999999984 17
999999994 7
999999982 19
999999943 58
999999932 69
999999948 53
999999981 20
999999972 29
999999957 44
999999930 71
999999999 2
999999961 40
999999960 41
999999911 90
999999910 91
999999944 57
999999966 35
999999959 42
999999953 48
999999934 67
999999938 63
999999974 27
999999931 70
999999985 16
999999989 12
999999990 11
999999965 36
999999996 5
999999906 95
999999941 60
999999997 4
999999983 18
999999904 97
999999988 13
999999913 88
999999903 98
999999937 64
999999949 52
999999969 32
999999973 28
999999902 99
999999908 93
999999901 100
999999939 62
999999979 22
999999995 6
999999964 37
999999925 76
999999915 86
999999933 68
999999968 33
999999935 66
999999921 80
999999993 8
999999950 51
999999952 49
999999967 34
999999926 75
999999900 101
999999991 10
999999963 38
999999905 96
999999922 79
999999909 92
999999920 81
999999955 46
999999971 30
999999980 21
999999947 54
999999919 82
999999986 15
999999987 14
999999975 26
999999951 50
999999977 24
999999945 56
999999998 3
999999976 25
999999958 43
999999914 87
999999954 47
999999956 45
878713586 5
482455509 4263
683372044 7408
419593883 9805
806690874 1607
237440732 8944
1000000000 100
12345657 21
12345645 33
12345600 78
12345603 75
12345584 94
12345624 54
12345579 99
12345673 5
12345585 93
12345623 55
12345663 15
12345583 95
12345665 13
12345654 24
12345643 35
12345610 68
12345596 82
12345642 36
12345658 20
12345608 70
12345641 37
12345601 77
12345649 29
12345636 42
12345616 62
12345632 46
12345661 17
12345628 50
12345651 27
12345581 97
12345662 16
12345668 10
12345595 83
12345578 100
12345656 22
12345622 56
12345627 51
12345655 23
12345588 90
12345612 66
12345631 47
12345638 40
12345644 34
12345630 48
12345591 87
12345609 69
12345618 60
12345614 64
12345650 28
12345652 26
12345597 81
12345660 18
12345577 101
12345647 31
12345637 41
12345675 3
12345590 88
12345625 53
12345672 6
12345613 65
12345594 84
12345664 14
12345593 85
12345676 2
12345605 73
12345599 79
12345639 39
12345666 12
12345635 43
12345587 91
12345640 38
12345580 98
12345586 92
12345634 44
12345671 7
12345669 9
12345648 30
12345621 57
12345670 8
12345674 4
12345633 45
12345582 96
12345604 74
12345653 25
12345589 89
12345646 32
12345611 67
12345659 19
12345620 58
12345615 63
12345592 86
12345626 52
12345667 11
12345607 71
12345606 72
12345598 80
12345629 49
12345619 59
12345602 76
12345617 61
381832680 77
321562575 2556
306016027 8444
20537354 6555
58396341 7912
341968642 1597
77749739 1828
358110707 5489
185019270 1063
52323288 5437
2227264 8493
352927931 5866
297750007 9975
33382048 3518
119100546 9697
145905679 8530
191753682 7479
9778491 9056
202461000 8159
316726288 5483
200817304 7948
156247242 9228
291537091 2417
8159192 3209
247402556 9096
267628769 527
182754800 2692
181599533 7431
46419716 2926
223206974 5253
196781328 5790
87138417 3831
303042346 399
40690230 8489
322280151 7674
133132637 526
230129672 5765
204371694 4881
21853897 4366
113224416 9036
57115919 9804
329121246 1294
340881743 8230
256389806 296
323523115 8443
181090746 695
226058269 6419
75615190 7919
337862092 3239
24560084 835
43593181 2408
121717340 8574
232892477 4961
197817825 7552
239497180 5325
18672278 5543
311979819 6799
105291157 3255
353039271 6461
297765513 5194
178814450 80
232284154 6586
68509289 2866
371279758 4142
370109170 2339
362074936 458
81816199 6084
141817761 9450
318374751 6848
231465556 4725
161744192 9391
360402138 6388
6353907 5890
144040972 6780
252666701 8307
50629835 7155
234626312 8516
305330739 4496
780428618 15
160990248 8547
700476488 9284
341158742 808
27272352 610
3054323 3972
424923737 2208
466724564 6558
481031470 7618
749301774 3586
28089203 9178
418178090 705
581544422 6085
377308746 6679
171043196 1167
706233366 4923
619969134 74
155534027 7819
285969209 3419
52030703 1390
359458871 6982
612035732 3312
27604687 5688
422719420 4093
159833231 5528
69151729 7101
571802367 1369
44904673 9993
515332127 703
110741666 6949
162275691 6003
271842042 3550
155218671 1240
188977466 6240
570910444 1815
452971749 5359
439078235 7368
394849291 3651
610402162 8825
303191827 5285
436556017 4290
560847273 8104
219043979 976
35756508 4607
290094766 6065
309906571 4336
222405488 6602
373807816 7619
358207538 6514
31183286 2705
37621306 9467
75839988 4689
162173927 6648
90118261 8384
419476119 1625
218458821 7736
222175446 2658
498797094 6014
129194466 743
192348415 7686
274933110 6280
472569174 258
74319644 3144
416105054 1743
63980597 5749
568527651 4543
241971641 6758
117658156 1054
282601393 7501
176569991 5923
237002965 410
5452483 9449
363924731 2062
476895526 6439
420469849 3858
122802045 2541
584656772 8595
87083067 8199
486243017 6713
174443712 4981
55024967 2204
249030907 510
27963401 3625
408989722 8408
371021084 4747
69363185 3466
81761860 8598
415256544 8698
28160573 9860
270504162 9707
208065760 2
182035983 100
170086576 8381
9939514 5438
141662118 6776
29514838 6592
7062278 9046
155441428 1745
120574686 9225
92084451 7993
31179260 4678
116405159 225
17654555 8900
17266425 7495
37629335 6531
151060629 3862
104207327 7874
10604414 9859
110527655 6111
101877725 3846
137335124 3007
160388385 4460
34641656 9032
3980408 6259
20260762 415
99692376 3077
6134201 1289
85597350 7187
176218733 6898
3157980 8983
72032891 4072
77430269 5186
19460886 4472
32346977 6775
90971980 2
181328698 2161
76867184 7083
138795505 6526
168726825 2109
128319732 1030
161884267 9467
136243387 1388
103868425 4130
44560608 4953
17745908 4817
159801017 8117
102054898 2540
101282353 4830
21456605 1277
63103834 8269
144103147 7805
8251754 189
95063769 5059
35049622 1489
42340347 9371
9364605 9331
52446530 6813
42949580 6230
53572688 3732
170478774 4011
23575676 8531
167917849 3977
12187427 5641
36178521 1869
20351664 5542
174667580 2034
17875313 6285
141052191 3805
116136684 8585
73821866 8345
59687101 1661
114521055 1802
168076601 8804
32251329 7205
75659286 7345
71181736 7674
62739497 4185
24181213 1328
91540655 7302
34905338 9037
83291417 231
66920258 9468
58233007 6076
99562726 8546
29093354 1550
40751391 8357
87097260 6350
111117598 6839
99063748 1793
152355989 1465
30133586 9331
100801197 619
150434144 2506
71181688 4472
135563283 8275
33088386 480
39296390 5117
94189916 3093
87188567 8263
37718079 5854
70101898 6294
123785266 5966
200000 100
2243 4
8270 2
7952 2
2066 5
8881 5
4432 8
3306 2
5208 5
6394 9
5237 8
8879 4
7311 9
3162 5
5794 9
5000 6
3194 8
685 7
3540 2
7924 6
8621 5
6752 7
4122 4
8481 9
539 2
3024 8
7375 9
8188 8
6231 9
2765 5
5485 3
2128 4
6675 4
9214 4
8948 6
2937 3
40 8
8237 3
4681 8
6322 4
2233 2
7956 3
1500 6
6854 9
4304 4
8310 8
6738 10
6806 8
6907 4
7397 9
1768 9
786 9
1813 9
8496 5
4261 4
811 8
629 6
2065 3
3950 2
5279 6
7760 2
2955 6
7904 6
7950 4
6253 2
2563 8
9394 5
6510 5
990 3
4306 6
9758 5
6513 4
5539 10
784 6
2532 8
5798 8
5499 9
9618 4
6635 6
2240 3
9897 1
7953 6
8803 9
8288 3
9588 6
8910 9
8184 2
8874 6
8767 6
5042 9
5896 9
9896 2
7938 8
5491 8
5443 5
2572 3
1579 5
6883 7
642 6
7536 8
4978 9
590374491 100
343140997 433
319885671 2759
4545051 4906
94801142 6505
130822825 3872
137787141 7527
291216111 7524
406748741 3853
113494501 1464
214625455 5681
245955815 6381
575288820 5421
35180095 3260
481487456 5958
104042517 5093
226942853 9539
396477187 9716
503087724 9999
218813202 9693
496900975 1722
28990649 6643
562714562 8223
149344763 5172
247999681 7981
309683951 3892
258341744 3716
248374184 6612
219118049 3393
356960607 4313
440139283 2273
30541467 9044
171782490 6654
394081176 5463
78279341 8259
123811434 2968
50703129 9963
470588536 3360
68436988 3311
564230762 80
485643103 875
32545349 3248
129262739 1476
162771447 4973
8739925 2697
517444577 1419
460202169 990
378821557 9078
382407228 7711
507527983 4254
320302842 6852
426596945 2726
436920936 4988
527339777 5455
194316429 344
352721700 594
555688545 6378
417493361 7992
571335068 6895
87882839 2778
236093959 4770
542198684 5732
37515456 6894
393775334 7005
114469807 957
61643511 6787
436844712 1615
428957655 6913
97478861 5377
92194326 2312
145247071 5238
40623416 3639
384593095 5246
215568862 1079
141684401 6754
149848869 6786
276288238 8541
222319743 798
327134472 7168
465134335 1355
13241823 3217
425362121 5308
364184283 2260
464488266 8994
67730980 2444
481513965 9780
370560505 8059
422608403 3117
281065735 9564
416173643 2298
458173948 6291
468329130 8698
173688964 1446
124800898 3825
408885570 2911
228157472 4462
525693576 2380
451307274 2461
375753651 8086
447569441 6077
277872264 7488
89779511 9
21623448 6521
84243439 3018
30704487 8919
1510956 5363
45604365 721
27405498 8875
41310250 6074
3330956 7991
35057741 2786
684332346 3
350795346 6096
315287669 6890
127545958 4013
50801606 15
44458752 8132
9798130 7707
42451655 5604
42047048 7039
938274 6443
25288247 5793
15115359 16
29251698 9688
32016850 3017
11890116 5816
3924879 2916
13811159 7645
4216063 2546
12776461 2146
14232910 2784
123592380 2
47442500 660
14438674 9477
200000 100
9406 2
1106 8
1916 9
7654 5
4928 6
1054 5
2272 6
3924 8
1644 2
512 3
8996 8
2951 9
1255 2
2512 7
354 4
9584 3
2843 3
4941 6
7639 6
5941 8
3852 4
4091 4
7319 5
3217 8
2302 2
4141 3
4646 4
7207 9
8012 2
6898 8
4147 8
8580 5
3977 2
3583 5
4828 5
8773 7
6434 10
1714 3
9789 1
6740 5
3878 2
564 10
3722 7
2261 5
4173 7
4560 7
1261 8
1720 2
8809 8
7248 2
2032 3
582 6
2525 10
4592 8
2716 2
5254 8
6650 3
4597 6
901 4
2359 4
6220 7
3134 5
581 8
9143 7
9557 5
6507 7
3060 5
4847 8
8621 3
5788 4
4786 3
5000 3
2938 5
9788 9
7996 4
133 7
9621 7
576 5
8005 10
3927 3
2038 2
2203 3
9036 7
2240 5
6866 9
1228 6
588 2
8648 2
5086 8
4818 5
9001 8
121 8
8787 9
8959 6
7989 4
8703 10
586 5
6615 10
2247 8
8194 4
74047446 45
50988941 9584
53286136 8269
20947966 7146
32940479 2779
32799482 3427
24576316 7757
18648859 7184
23928315 3130
4093500 6226
21281871 8517
4875222 6503
71273104 880
40139080 1920
69156020 400
50861281 4695
19951441 973
74011607 5696
28758091 7780
5104567 1705
63029086 8302
62222217 7515
11118397 7837
44308471 7383
8932391 3885
57476276 4189
44201605 4595
18560104 6094
3629910 7826
2611816 1914
36395786 3642
53099378 2106
34826215 7504
35072396 4291
53291131 3601
27944476 4816
14114825 5755
42087216 227
24993574 4018
45830813 9533
34405232 5710
42298166 6166
53468967 2644
66793383 3651
15880889 7688
65522831 3266
922026096 9
579621073 5175
223229129 3256
366063036 7744
692738232 7462
889669096 4760
347155101 8319
553044822 5253
290775846 5862
241860671 3757
114568774 36
12171299 1770
54764195 4209
106755704 5470
23736256 9148
31942368 7616
7304054 8066
33843636 715
25909733 2885
11633127 7924
71251018 274
74108811 5977
96873461 4481
100625157 8063
39632760 9340
69161008 7593
40929388 3997
101585759 3646
39794452 5857
103405659 5202
4417398 5270
10259243 6297
43227778 1244
96569049 2600
9759146 5498
37843006 6513
90220371 6797
40169829 4621
91532564 4160
97570562 9243
639999 3208
99513155 2744
110156421 5750
52753749 7808
73371822 5928
83214677 5042
43139392 9571
