100
1000000000000000000 1
1000000000000000000 10
1000000000000000000 100
1000000000000000000 1000
1000000000000000000 10000
1000000000000000000 100000
1000000000000000000 1000000
1000000000000000000 10000000
1000000000000000000 100000000
1000000000000000000 1000000000
1000000000000000000 10000000000
1000000000000000000 100000000000
1000000000000000000 1000000000000
1000000000000000000 10000000000000
1000000000000000000 100000000000000
1000000000000000000 1000000000000000
1000000000000000000 10000000000000000
1000000000000000000 100000000000000000
1000000000000000000 1000000000000000000
1000000000000000000 1000000000000000000
1000000000000000000 1000000000000000000
1000000000000000000 1000000000000000000
1000000000000000000 1000000000000000000
1000000000000000000 1000000000000000000
1000000000000000000 1000000000000000000
1000000000000000000 1000000000000000000
1000000000000000000 1000000000000000000
1000000000000000000 1000000000000000000
1000000000000000000 1000000000000000000
1000000000000000000 1000000000000000000
1000000000000000000 1000000000000000000
1000000000000000000 1000000000000000000
1000000000000000000 1000000000000000000
1000000000000000000 1000000000000000000
1000000000000000000 1000000000000000000
1000000000000000000 1000000000000000000
1000000000000000000 1000000000000000000
1000000000000000000 1000000000000000000
1000000000000000000 1000000000000000000
1000000000000000000 1000000000000000000
1000000000000000000 1000000000000000000
1000000000000000000 1000000000000000000
1000000000000000000 1000000000000000000
1000000000000000000 1000000000000000000
1000000000000000000 1000000000000000000
1000000000000000000 1000000000000000000
1000000000000000000 1000000000000000000
1000000000000000000 1000000000000000000
1000000000000000000 1000000000000000000
1000000000000000000 1000000000000000000
1000000000000000000 1000000000000000000
1000000000000000000 1000000000000000000
1000000000000000000 1000000000000000000
1000000000000000000 1000000000000000000
1000000000000000000 1000000000000000000
1000000000000000000 1000000000000000000
1000000000000000000 1000000000000000000
1000000000000000000 1000000000000000000
1000000000000000000 1000000000000000000
1000000000000000000 1000000000000000000
1000000000000000000 1000000000000000000
1000000000000000000 1000000000000000000
1000000000000000000 1000000000000000000
1000000000000000000 1000000000000000000
1000000000000000000 1000000000000000000
1000000000000000000 1000000000000000000
1000000000000000000 1000000000000000000
1000000000000000000 1000000000000000000
1000000000000000000 1000000000000000000
1000000000000000000 1000000000000000000
1000000000000000000 1000000000000000000
1000000000000000000 1000000000000000000
1000000000000000000 1000000000000000000
1000000000000000000 1000000000000000000
1000000000000000000 1000000000000000000
1000000000000000000 1000000000000000000
1000000000000000000 1000000000000000000
1000000000000000000 1000000000000000000
1000000000000000000 1000000000000000000
1000000000000000000 1000000000000000000
1000000000000000000 1000000000000000000
1000000000000000000 1000000000000000000
1000000000000000000 1000000000000000000
1000000000000000000 1000000000000000000
1000000000000000000 1000000000000000000
1000000000000000000 1000000000000000000
1000000000000000000 1000000000000000000
1000000000000000000 1000000000000000000
1000000000000000000 1000000000000000000
1000000000000000000 1000000000000000000
1000000000000000000 1000000000000000000
1000000000000000000 1000000000000000000
1000000000000000000 1000000000000000000
1000000000000000000 1000000000000000000
1000000000000000000 1000000000000000000
1000000000000000000 1000000000000000000
1000000000000000000 1000000000000000000
1000000000000000000 1000000000000000000
1000000000000000000 1000000000000000000
1000000000000000000 1000000000000000000
