100
4 2
5 2
6 2
1000 1000
1000 1
500000 237856
721296 626593
1000000 2
263513 215740
500000 237857
1000000 475712
2 1
999999 495446
816905 711834
1000000 524287
407295 332992
999999 127
500000 499999
999999 524288
4 1
452207 426486
611936 565186
646643 603626
339723 281929
1000000 500000
500000 250000
806009 667989
999999 475712
3 2
1000000 499998
384768 371816
828637 727609
500000 128
253638 192198
546629 541925
999999 128
2 2
267608 261508
3 1
806097 775889
632972 632330
1000000 480848
999999 453579
1000000 524288
999999 262144
423528 354749
294439 260227
999999 499997
484351 382203
500000 262144
1000000 128
1000000 475713
999999 999998
627720 590585
500000 127
1000000 1000000
999999 499999
500000 250792
500000 173911
498690 489175
514993 406282
500000 131072
688523 657752
500000 262143
992810 834677
999999 1
333349 304995
329792 256289
1000000 499999
756611 718064
1000000 127
574972 494054
440699 428840
1000000 262143
500000 500000
1000000 438677
361891 359236
776752 745186
500000 131071
999999 524287
434320 379041
999999 999999
999999 2
5 1
999999 499998
581738 488447
992164 894483
500000 2
999999 262143
667766 586306
500000 249998
1 1
932299 709745
999999 475711
500000 249999
500000 1
1000000 262144
1000000 999999
555816 418540
1000000 1
