100
4 2
5 2
6 2
1000 1000
1000 1
500 249
1000 498
999 497
999 499
451 340
259 230
1000 999
1000 128
500 244
1000 492
649 542
1000 256
500 250
500 175
511 509
521 509
975 830
742 567
928 749
1000 127
500 117
331 273
500 251
500 256
500 255
604 512
500 500
1000 448
283 259
612 532
885 686
500 248
999 1
999 498
820 639
827 670
517 432
3 1
500 65
999 488
500 2
971 898
999 511
993 854
844 636
1000 511
999 127
616 540
500 499
366 322
632 502
4 1
1000 488
863 718
576 543
999 998
1000 489
1000 2
798 749
1000 512
500 128
896 728
500 127
298 243
916 856
500 1
999 255
488 398
939 730
999 999
999 128
632 591
768 616
1000 255
875 688
1000 500
999 487
999 2
500 116
500 245
999 256
705 672
273 272
2 1
999 512
702 636
366 313
485 424
455 407
3 2
999 464
1 1
1000 499
2 2
5 1
