100
5 4
2 1
4 20
7 21
48 12450090996917
3 3
7 16
45 1105317163132
25 252525
40 81807595602
40 152653991179
4 5
7 28
7 29
32 181147265
10 101
4 3
12 521
7 6
47 15271614845222
7 10
4 4
50 281474976710656
25 290871
45 5810121107249
50 281474976710655
49 281474976710656
33 101404469
13 791
7 5
49 140737488355328
38 32579480543
7 24
11 208
50 999999999999999999
35 8550888380
7 1
2 2
28 30376375
27 16647543
35 4683287377
49 140737488355329
43 1381298125322
9 66
50 1000000000000000000
35 1266120004
40 24133557020
4 2
49 101608852011333
7 8
7 27
10 106
11 35
2 1000000000000000000
4 1
16 8658
50 281474976710657
7 31
7 2
7 7
30 114861565
24 2377225
7 30
44 2345967345790
7 11
7 9
50 1
7 22
3 1
7 18
19 14671
50 105553116266496
27 33203435
37 9786368395
7 14
24 1712781
25 1000000000000000000
21 336331
32 652464083
7 15
22 92147
7 17
3 2
25 8388609
7 19
7 12
7 4
7 23
14 2808
7 26
23 567584
7 32
7 13
50 140737488355328
7 25
7 33
28 64843872
7 20
8 61
7 3
