75
1 1 1 0
1 2 0 0
2 1 1 2
2 2 0 2
6 21 21 22
4 4 4 8
5 11 11 10
8 85 85 86
7 42 43 43
11 107 1741 200
12 0 4096 0
4 6 5 5
3 3 2 3
7 43 43 42
8 26 219 11
9 340 53 119
12 1365 1366 1365
11 429 1300 319
4 5 6 5
11 53 122 1873
10 341 342 341
10 461 357 206
12 1366 1366 1364
7 15 109 4
1 0 2 0
11 682 683 683
12 1365 1365 1366
7 10 118 0
10 342 341 341
1 0 1 1
6 24 37 3
5 5 10 17
10 945 2 77
10 13 39 972
12 1366 1365 1365
2 2 1 1
9 171 170 171
2 1 3 0
2 1 2 1
4 5 5 6
3 3 3 2
1 0 0 2
11 683 682 683
3 2 0 6
5 11 10 11
12 994 1789 1313
3 8 0 0
1 1 0 1
5 10 11 11
8 86 85 85
9 217 157 138
2 0 4 0
9 171 171 170
12 1019 832 2245
11 683 683 682
8 85 86 85
7 14 104 10
4 6 2 8
12 1364 1368 1364
3 2 3 3
9 170 171 171
12 736 3150 210
11 1573 53 422
10 341 341 342
9 41 146 325
7 40 26 62
6 22 21 21
7 43 42 43
9 445 50 17
8 15 185 56
3 4 2 2
4 6 6 4
3 2 4 2
3 2 2 4
6 21 22 21
